0.224393,1.5043
0.358973,1.14536
0.447183,0.601328
0.477375,0.00292728
0.449763,-0.53504
0.376707,-0.886077
0.280868,-0.993377
0.184342,-0.913886
0.102458,-0.706515
0.0463673,-0.403733
0.0219012,-0.100016
0.0185784,-0.0241965
0.00571426,-0.271676
-0.0393435,-0.625689
-0.117209,-0.913777
-0.217955,-1.07853
-0.327068,-1.06943
-0.423476,-0.814659
-0.482054,-0.327838
-0.485219,0.271266
-0.427957,0.863695
-0.316615,1.33118
-0.170682,1.53485
-0.0203586,1.42596
0.106748,1.08983
0.193474,0.634399
0.233875,0.188811
0.237819,-0.0651744
0.22958,-0.0672712
0.228028,0.0404798
0.237547,0.145266
0.256275,0.225684
0.28186,0.280395
0.30984,0.258356
0.32714,0.049007
0.312307,-0.371346
0.249972,-0.874473
0.139324,-1.31835
-0.00759978,-1.58027
-0.166641,-1.54652
-0.306567,-1.21133
-0.402731,-0.694543
-0.44364,-0.1244
-0.429819,0.379436
-0.374112,0.696665
-0.297929,0.795596
-0.22012,0.742232
-0.152981,0.586259
-0.105787,0.34643
-0.084344,0.0916723
-0.0811365,0.0238613
-0.0683008,0.276774
-0.0209865,0.670117
0.0639891,1.01144
0.176854,1.22021
0.301328,1.23007
0.413604,0.968522
0.48687,0.468151
0.503517,-0.1418
0.458669,-0.745249
0.35858,-1.22455
0.222608,-1.44356
0.0801022,-1.3635
-0.0426961,-1.06667
-0.128915,-0.645385
-0.171489,-0.219019
-0.179359,0.0134939
-0.178526,-0.0331578
-0.189925,-0.197468
-0.217304,-0.341462
-0.256484,-0.433744
-0.302152,-0.468671
-0.346697,-0.397616
-0.375086,-0.133692
-0.366849,0.320533
-0.308533,0.844463
-0.199913,1.30772
-0.0532398,1.58457
0.106782,1.56236
0.24918,1.24691
0.350223,0.757197
0.398937,0.218925
0.396626,-0.241447
0.357209,-0.510328
0.301167,-0.585101
0.244083,-0.543671
0.194925,-0.429062
0.160513,-0.250092
0.145537,-0.056175
0.144114,-0.0163606
0.131792,-0.275197
0.0834973,-0.695743
-0.0062416,-1.08206
-0.128364,-1.33249
-0.265331,-1.36347
-0.391081,-1.10272
-0.477607,-0.599708
-0.507384,0.0107096
-0.475645,0.61424
-0.388694,1.09271
-0.265733,1.31766
-0.134634,1.26514
-0.0195077,1.01293
0.0635956,0.635081
0.106601,0.234295
0.116701,0.0171321
0.120702,0.104729
0.142244,0.328866
0.185444,0.523308
0.244363,0.642087
0.310861,0.671101
0.37385,0.558926
0.415551,0.239392
0.415719,-0.254656
0.362708,-0.803061
0.257277,-1.2845
0.112352,-1.57108
-0.0465714,-1.55469
-0.188894,-1.25538
-0.291993,-0.790697
-0.345568,-0.284241
-0.352041,0.127607
-0.327033,0.336656
-0.290608,0.372134
-0.255295,0.326821
-0.226653,0.240148
-0.208625,0.11479
-0.203868,-0.012594
-0.206595,-0.0038681
-0.195326,0.271529
-0.146597,0.710955
-0.0537313,1.13085
0.0750329,1.41483
0.221272,1.46335
0.357278,1.20755
0.454597,0.711689
0.496091,0.111826
0.477241,-0.478388
0.404733,-0.939363
0.297666,-1.157
0.181746,-1.12743
0.0781419,-0.92253
0.00140535,-0.597373
-0.0399113,-0.234297
-0.0509379,-0.0340489
-0.0579358,-0.153214
-0.0870802,-0.434226
-0.143739,-0.685013
-0.220898,-0.841054
-0.307866,-0.875393
-0.389916,-0.730016
-0.446148,-0.359202
-0.45621,0.173554
-0.410015,0.746546
-0.309347,1.24449
-0.168034,1.53688
-0.0124399,1.52359
0.12742,1.23958
0.230086,0.798438
0.285812,0.321048
0.298166,-0.0423561
0.28501,-0.184252
0.266722,-0.166769
0.253241,-0.10108
0.246812,-0.0265692
0.248257,0.0565051
0.257461,0.117732
0.267281,0.0441459
0.258105,-0.26464
0.209185,-0.721971
0.114114,-1.16495
-0.0192345,-1.47084
-0.171637,-1.52832
-0.314324,-1.2774
-0.419246,-0.795541
-0.470121,-0.216243
-0.463025,0.346163
-0.405522,0.770914
-0.316678,0.966184
-0.219391,0.951884
-0.131215,0.79287
-0.064533,0.526483
-0.0275787,0.214956
-0.0169388,0.0416136
-0.0081136,0.185681
0.0265666,0.515467
0.0942019,0.822432
0.187428,1.02142
0.293378,1.06848
0.393727,0.897237
0.46454,0.484143
0.485419,-0.0796983
0.447574,-0.672352
0.35367,-1.18191
0.218473,-1.47563
0.0689453,-1.46575
-0.0659558,-1.20064
-0.166004,-0.785056
-0.221681,-0.334125
-0.23728,-0.0142109
-0.233102,0.0590903
-0.230686,-0.0217218
-0.238103,-0.123303
-0.254588,-0.202223
-0.277758,-0.25678
-0.304177,-0.25699
-0.324162,-0.109296
-0.318749,0.248528
-0.270192,0.728832
-0.173581,1.18874
-0.0372283,1.50513
0.118598,1.56105
0.264522,1.31206
0.373662,0.847502
0.431064,0.296289
0.433911,-0.224628
0.391243,-0.595175
0.32212,-0.753696
0.246151,-0.744897
0.176869,-0.626137
0.123951,-0.41989
0.0944368,-0.171512
0.085771,-0.0405418
0.0758514,-0.208745
0.0371275,-0.576444
-0.0390894,-0.933377
-0.145684,-1.17499
-0.268054,-1.23743
-0.384568,-1.04702
-0.468824,-0.604383
-0.500694,-0.0217746
-0.47246,0.58072
-0.387552,1.09203
-0.261611,1.37995
-0.121577,1.37524
0.00544289,1.13616
0.100687,0.75307
0.154596,0.330111
0.171446,0.0470552
0.173563,0.0375642
0.184351,0.186908
0.210925,0.336913
0.250008,0.435597
0.29609,0.475623
0.342033,0.42234
0.374757,0.198287
0.375068,-0.217412
0.328014,-0.726756
0.230786,-1.20174
0.092896,-1.52013
-0.0639423,-1.56555
-0.210067,-1.31511
-0.320258,-0.868135
-0.381211,-0.348962
-0.391737,0.119696
-0.362998,0.421004
-0.314104,0.529979
-0.261157,0.515189
-0.213546,0.427227
-0.177852,0.277573
-0.159093,0.0996069
-0.154413,0.0283194
-0.143984,0.227656
-0.10205,0.623674
-0.0192048,1.01969
0.0979266,1.29713
0.233386,1.37191
0.362776,1.16743
0.458197,0.709218
0.500256,0.122228
0.482206,-0.476413
0.40832,-0.974077
0.295082,-1.24517
0.168513,-1.24609
0.0528962,-1.04039
-0.0349067,-0.699784
-0.0853595,-0.312619
-0.10208,-0.0637039
-0.108429,-0.109662
-0.129849,-0.326831
-0.173392,-0.53308
-0.233919,-0.663664
-0.302998,-0.700963
-0.369523,-0.601473
-0.416542,-0.304197
-0.424289,0.169638
-0.380282,0.710375
-0.283863,1.1997
-0.146194,1.51436
0.00927475,1.54401
0.152915,1.29086
0.261385,0.860479
0.323046,0.373637
0.338699,-0.0365716
0.322247,-0.257687
0.293064,-0.305657
0.263841,-0.271818
0.23992,-0.202008
0.224537,-0.101025
0.219944,0.00412244
0.22173,-9.69354e-05
0.211575,-0.244294
0.16674,-0.664576
0.0785024,-1.08741
-0.0466805,-1.38835
-0.191638,-1.46646
-0.329887,-1.24986
-0.433247,-0.788303
-0.483624,-0.211033
-0.475377,0.367347
-0.413975,0.831411
-0.316718,1.07166
-0.207671,1.07604
-0.107366,0.908047
-0.0302354,0.619248
0.0146572,0.280301
0.0301321,0.070462
0.0393933,0.164155
0.0693132,0.443057
0.127499,0.707579
0.207644,0.877352
0.298684,0.919619
0.385414,0.779591
0.446985,0.416941
0.463277,-0.107167
0.423995,-0.675662
0.330364,-1.17599
0.195337,-1.48188
0.044008,-1.49498
-0.0945657,-1.24238
-0.198961,-0.82932
-0.258892,-0.37296
-0.277127,-0.0219128
-0.270754,0.113357
-0.259823,0.090804
-0.254037,0.0242594
-0.254969,-0.0420571
-0.262386,-0.105497
-0.275154,-0.139743
-0.286131,-0.0487294
-0.277501,0.255455
-0.230064,0.70247
-0.137152,1.14263
-0.00588021,1.45242
0.145154,1.52092
0.288081,1.29117
0.395662,0.8349
0.451688,0.279501
0.452032,-0.260984
0.403936,-0.669777
0.325356,-0.865326
0.237382,-0.868715
0.15615,-0.738394
0.0931903,-0.507184
0.0564067,-0.229555
0.0433458,-0.070569
0.0319043,-0.208066
-0.00492881,-0.538672
-0.0754274,-0.857277
-0.172745,-1.06746
-0.283515,-1.11714
-0.388516,-0.941195
-0.463568,-0.526139
-0.48881,0.0338475
-0.455855,0.620315
-0.367498,1.12302
-0.238412,1.41364
-0.0947221,1.41354
0.0359829,1.17011
0.134238,0.779718
0.190614,0.353321
0.209345,0.0576429
0.210691,0.00736647
0.215883,0.106265
0.23233,0.217805
0.258303,0.295377
0.290106,0.333608
0.322709,0.301604
0.345319,0.118811
0.339852,-0.255184
0.290624,-0.734102
0.193828,-1.18675
0.05818,-1.49242
-0.0958373,-1.53883
-0.2396,-1.29402
-0.34777,-0.847781
-0.406473,-0.323166
-0.413686,0.162815
-0.379091,0.496744
-0.320973,0.636294
-0.256668,0.63237
-0.197662,0.535206
-0.152238,0.362669
-0.12636,0.157003
-0.117094,0.0643099
-0.103859,0.247254
-0.0611221,0.618285
0.0195519,0.981078
0.131145,1.22594
0.258292,1.27964
0.378174,1.07232
0.464441,0.621835
0.498219,0.0439986
0.472801,-0.545497
0.392415,-1.03547
0.273303,-1.30145
0.141497,-1.29323
0.0219694,-1.07056
-0.0679573,-0.713093
-0.119375,-0.321351
-0.137228,-0.0769619
-0.144302,-0.105233
-0.163289,-0.281127
-0.200136,-0.446399
-0.250416,-0.547683
-0.307084,-0.571549
-0.360805,-0.478264
-0.396597,-0.204963
-0.395891,0.239618
-0.346267,0.752958
-0.246917,1.21584
-0.108827,1.5079
0.0452467,1.52414
0.186532,1.26408
0.292105,0.829719
0.350586,0.340792
0.362644,-0.0776414
0.341046,-0.32177
0.304066,-0.396358
0.264936,-0.376503
0.230558,-0.303887
0.205723,-0.186497
0.193674,-0.0596534
0.189905,-0.0493743
0.175199,-0.285611
0.126984,-0.688524
0.0377506,-1.08206
-0.0851951,-1.34896
-0.224648,-1.39721
-0.354958,-1.16246
-0.449167,-0.694093
-0.490088,-0.117008
-0.472648,0.456499
-0.402712,0.912547
-0.29785,1.14206
-0.182538,1.12976
-0.078006,0.938067
0.000897522,0.625701
0.0458648,0.279568
0.0620195,0.0874047
0.0735229,0.18553
0.104236,0.433622
0.159366,0.656155
0.232454,0.789124
0.31327,0.805359
0.387883,0.654365
0.437112,0.297909
0.442315,-0.208661
0.394039,-0.752974
0.294174,-1.22225
0.156257,-1.49362
0.00526954,-1.47809
-0.130607,-1.20684
-0.230958,-0.785768
-0.286658,-0.333804
-0.301419,0.00960818
-0.291589,0.154814
-0.275309,0.156963
-0.261806,0.110479
-0.253674,0.050655
-0.252043,-0.0188096
-0.256687,-0.0637881
-0.260394,0.022018
-0.244802,0.3228
-0.191263,0.754621
-0.0944966,1.16573
0.03722,1.43727
0.184723,1.46609
0.320556,1.20648
0.418797,0.734947
0.464566,0.175857
0.454729,-0.359661
0.397281,-0.757442
0.310613,-0.939101
0.216115,-0.924536
0.130479,-0.769708
0.0657151,-0.51273
0.0290428,-0.226756
0.0151718,-0.0946637
-0.000149716,-0.254932
-0.0409671,-0.565579
-0.112137,-0.842739
-0.205793,-1.00916
-0.308691,-1.01883
-0.402249,-0.813234
-0.463819,-0.387968
-0.475514,0.164192
-0.430489,0.729199
-0.332919,1.19593
-0.198835,1.44017
-0.0546817,1.3983
0.0729439,1.12592
0.165984,0.722589
0.216991,0.307571
0.232563,0.0403378
0.232812,-0.00366764
0.235863,0.0718324
0.247442,0.156025
0.266264,0.216094
0.289701,0.246693
0.313378,0.209695
0.326445,0.0199465
0.310986,-0.353669
0.252616,-0.815582
0.149229,-1.2347
0.0110597,-1.49313
-0.140436,-1.48852
-0.27712,-1.20598
-0.375433,-0.741566
-0.423308,-0.215162
-0.42019,0.259602
-0.376757,0.576755
-0.31136,0.702577
-0.241084,0.684876
-0.177777,0.567573
-0.130284,0.372205
-0.103997,0.160867
-0.0929746,0.101689
-0.0739498,0.319365
-0.024183,0.679658
0.0607417,1.00239
0.171978,1.19655
0.29344,1.19494
0.402323,0.940061
0.473992,0.466758
0.492162,-0.109862
0.452222,-0.678912
0.360396,-1.12727
0.234861,-1.33763
0.102034,-1.27985
-0.0142441,-1.02112
-0.0981276,-0.645328
-0.143234,-0.270167
-0.158389,-0.0761792
-0.167063,-0.128768
-0.187567,-0.283171
-0.22288,-0.413981
-0.268385,-0.485895
-0.317651,-0.485607
-0.361567,-0.367791
-0.385196,-0.0742279
-0.371131,0.372131
-0.309121,0.86472
-0.200529,1.28555
-0.058398,1.51668
0.0933073,1.46999
0.22684,1.16749
0.321718,0.716124
0.368971,0.233444
0.371418,-0.160512
0.34283,-0.380749
0.300542,-0.445622
0.256728,-0.420435
0.218469,-0.336298
0.19115,-0.204257
0.177468,-0.0797478
0.170002,-0.108641
0.147125,-0.383669
0.0890326,-0.780625
-0.00759766,-1.13445
-0.132968,-1.34256
-0.268291,-1.31999
-0.387614,-1.02415
-0.466228,-0.525945
-0.490071,0.0525519
-0.456607,0.603268
-0.374217,1.011
-0.262522,1.18078
-0.145968,1.11835
-0.0445798,0.888267
0.0280524,0.553895
0.0663647,0.227829
0.0806179,0.105149
0.0965652,0.244942
0.132627,0.474453
0.189839,0.656298
0.260832,0.74734
0.335332,0.719958
0.399078,0.522793
0.433339,0.134513
0.421822,-0.37469
0.357997,-0.893671
0.246496,-1.30958
0.103584,-1.50394
-0.0445944,-1.41525
-0.171672,-1.09881
-0.260279,-0.663786
-0.304486,-0.231553
-0.311157,0.0675479
-0.297351,0.181642
-0.278691,0.181126
-0.262461,0.140514
-0.251242,0.0811515
-0.246667,0.0104137
-0.247815,-0.0181434
-0.244848,0.112984
-0.218047,0.449565
-0.151858,0.873845
-0.0451094,1.24178
0.0909138,1.44351
0.234815,1.38743
0.35911,1.06009
0.440882,0.557793
0.468761,-0.00022302
0.442584,-0.505447
0.373185,-0.847916
0.28043,-0.972466
0.184897,-0.914004
0.102141,-0.723642
0.0432561,-0.444961
0.0127052,-0.183052
-0.000695787,-0.134333
-0.0234051,-0.349774
-0.073366,-0.645279
-0.150298,-0.876444
-0.244604,-0.98721
-0.342106,-0.930889
-0.423417,-0.658401
-0.467224,-0.194098
-0.459166,0.359827
-0.395861,0.893918
-0.284846,1.29411
-0.145459,1.44687
-0.00483946,1.32603
0.112956,1.00683
0.193217,0.592319
0.232592,0.213731
0.242196,0.0153913
0.242317,0.00962929
0.246646,0.0795053
0.258069,0.145377
0.275034,0.190355
0.295117,0.203708
0.312901,0.130541
0.315446,-0.111019
0.28512,-0.512856
0.211252,-0.959742
0.0958122,-1.32622
-0.0474786,-1.49955
-0.194739,-1.3991
-0.318762,-1.04917
-0.39979,-0.558787
-0.429621,-0.0426306
-0.411189,0.388295
-0.357898,0.645265
-0.28821,0.723412
-0.217556,0.673098
-0.156844,0.527879
-0.114306,0.316567
-0.0925967,0.136331
-0.0797159,0.168538
-0.0502368,0.44795
0.0122215,0.795613
0.106346,1.06719
0.220653,1.19001
0.337094,1.09877
0.431999,0.761655
0.483399,0.247675
0.47943,-0.327661
0.419328,-0.857886
0.313302,-1.22585
0.182933,-1.33672
0.0543837,-1.20084
-0.0514119,-0.895194
-0.121861,-0.510003
-0.155501,-0.188077
-0.167218,-0.0887882
-0.180064,-0.186638
-0.205964,-0.327548
-0.244183,-0.427402
-0.289432,-0.467184
-0.334921,-0.425995
-0.370041,-0.248855
-0.378752,0.100942
-0.345872,0.565493
-0.265511,1.03169
-0.143307,1.3842
0.00370171,1.51178
0.149578,1.36296
0.268917,0.998407
0.345726,0.530631
0.375442,0.0752647
0.365006,-0.256335
0.330056,-0.416138
0.286098,-0.447951
0.243,-0.404626
0.207132,-0.30447
0.183393,-0.168572
0.171675,-0.0869701
0.158941,-0.209723
0.122336,-0.543941
0.0484184,-0.927391
-0.0602271,-1.22314
-0.190237,-1.34168
-0.319994,-1.2086
-0.423364,-0.824339
-0.479736,-0.289199
-0.479971,0.281537
-0.425775,0.781311
-0.329947,1.0967
-0.214723,1.16923
-0.103083,1.03666
-0.0122633,0.762405
0.0470144,0.421031
0.0747062,0.163186
0.0884545,0.157567
0.113011,0.348555
0.158761,0.557927
0.222203,0.696289
0.294676,0.735195
0.364679,0.63847
0.416178,0.359955
0.430995,-0.083862
0.396896,-0.599996
0.312178,-1.07884
0.186203,-1.40608
0.0396153,-1.47949
-0.100622,-1.28811
-0.211853,-0.917023
-0.281686,-0.478397
-0.309506,-0.0981832
-0.306997,0.117507
-0.291383,0.175909
-0.274314,0.159579
-0.260349,0.117147
-0.251491,0.0577347
-0.248738,0.0021693
-0.248172,0.0335263
-0.235411,0.256191
-0.191292,0.640383
-0.10658,1.04435
0.0140644,1.34262
0.154956,1.4342
0.291623,1.25433
0.397896,0.842454
0.456086,0.312066
0.460022,-0.225912
0.414281,-0.663271
0.33393,-0.90785
0.239651,-0.948329
0.149551,-0.833207
0.0768967,-0.605359
0.0303532,-0.325479
0.00849745,-0.145107
-0.00787153,-0.227901
-0.0435397,-0.497346
-0.10735,-0.767103
-0.193765,-0.941806
-0.290995,-0.976489
-0.382589,-0.820036
-0.447753,-0.451561
-0.467969,0.0613035
-0.434226,0.610161
-0.348266,1.08796
-0.222974,1.3777
-0.0818921,1.39939
0.0486999,1.18131
0.14926,0.814647
0.210288,0.410493
0.235024,0.113829
0.240093,0.0198435
0.243622,0.061782
0.253304,0.129922
0.269007,0.18019
0.288509,0.204948
0.308264,0.176897
0.319654,0.0236282
0.307012,-0.302262
0.255511,-0.733676
0.160817,-1.14651
0.0307064,-1.4247
-0.116109,-1.46705
-0.253477,-1.24006
-0.357447,-0.817506
-0.414197,-0.31351
-0.421086,0.16216
-0.386233,0.506351
-0.325957,0.670461
-0.257177,0.685634
-0.192409,0.595486
-0.140894,0.42409
-0.108695,0.22322
-0.0924106,0.137117
-0.0724093,0.304327
-0.0258751,0.635001
0.0541283,0.95109
0.160456,1.15135
0.278272,1.17017
0.386413,0.951919
0.461226,0.516269
0.48575,-0.0344942
0.454082,-0.591139
0.370919,-1.04556
0.252255,-1.28528
0.122662,-1.26752
0.0057392,-1.04523
-0.0820868,-0.698739
-0.133419,-0.337538
-0.154802,-0.128281
-0.167183,-0.151481
-0.188939,-0.287943
-0.224287,-0.410695
-0.26916,-0.476418
-0.317177,-0.470543
-0.359604,-0.355389
-0.382786,-0.0800699
-0.37058,0.341073
-0.31273,0.814132
-0.209729,1.22639
-0.0732835,1.46531
0.0744868,1.44519
0.20726,1.17703
0.304676,0.756259
0.357138,0.295817
0.366372,-0.090065
0.344493,-0.319451
0.307474,-0.401943
0.267103,-0.395226
0.230396,-0.33086
0.202521,-0.221116
0.186151,-0.114751
0.175132,-0.139682
0.150367,-0.38912
0.0929259,-0.764278
-0.00146897,-1.10754
-0.123964,-1.31312
-0.256626,-1.29846
-0.374745,-1.0233
-0.454529,-0.549911
-0.481889,0.00686564
-0.453883,0.540838
-0.378169,0.942404
-0.272932,1.12296
-0.161091,1.08285
-0.0619669,0.878708
0.0110593,0.571376
0.0523313,0.267871
0.0710033,0.149562
0.0908829,0.278405
0.129788,0.498822
0.18915,0.675049
0.261682,0.758694
0.33678,0.720172
0.400053,0.514508
0.433529,0.12923
0.422072,-0.36731
0.359787,-0.87007
0.251464,-1.27006
0.11302,-1.45626
-0.0306286,-1.37496
-0.154591,-1.07802
-0.242351,-0.668272
-0.288405,-0.264165
-0.299599,0.0115293
-0.291973,0.116755
-0.279695,0.119792
-0.269126,0.0894533
-0.262247,0.0465466
-0.259976,0.000365279
-0.260645,0.00140761
-0.254643,0.150299
-0.224253,0.480711
-0.155812,0.887326
-0.0486624,1.23633
0.0858867,1.41978
0.226785,1.3535
0.347879,1.03284
0.427831,0.54992
0.456174,0.017719
0.433254,-0.458055
0.369877,-0.777203
0.2846,-0.897068
0.196108,-0.85048
0.1187,-0.681311
0.0626576,-0.431846
0.0316377,-0.206107
0.0143969,-0.184365
-0.0136626,-0.403554
-0.0687003,-0.692614
-0.149943,-0.914828
-0.247401,-1.01038
-0.346081,-0.930207
-0.426155,-0.636381
-0.467363,-0.167154
-0.457034,0.37641
-0.393062,0.889055
-0.283985,1.25942
-0.149444,1.38718
-0.0152393,1.26096
0.0965499,0.953943
0.172699,0.565139
0.211259,0.226814
0.224386,0.0709143
0.231403,0.0879764
0.243868,0.161637
0.263221,0.220451
0.286921,0.248048
0.311304,0.229259
0.329451,0.111374
0.328136,-0.164756
0.291959,-0.571338
0.213026,-1.00008
0.0950593,-1.33458
-0.0471061,-1.46849
-0.189654,-1.33975
-0.307427,-0.987916
-0.383212,-0.518076
-0.410738,-0.0398763
-0.394463,0.341746
-0.347997,0.55911
-0.287809,0.62398
-0.226843,0.581207
-0.174376,0.456728
-0.13731,0.281203
-0.116561,0.15498
-0.0991342,0.236153
-0.0619297,0.528992
0.00825013,0.86722
0.108655,1.11981
0.226773,1.21105
0.343235,1.07778
0.434335,0.710752
0.480258,0.19306
0.471552,-0.364932
0.409374,-0.859042
0.305668,-1.17765
0.182221,-1.25089
0.0629603,-1.10519
-0.0337149,-0.81115
-0.0971691,-0.458003
-0.128337,-0.194759
-0.144012,-0.157745
-0.165587,-0.286403
-0.20185,-0.432306
-0.250196,-0.523306
-0.303978,-0.538824
-0.354487,-0.450756
-0.389029,-0.212603
-0.391712,0.179388
-0.350429,0.649501
-0.262711,1.09066
-0.136947,1.39281
0.00782038,1.45908
0.146122,1.27005
0.255679,0.901166
0.323904,0.461021
0.349325,0.0635748
0.34135,-0.196107
0.315213,-0.3062
0.283261,-0.322608
0.252468,-0.286563
0.227342,-0.210481
0.210863,-0.12206
0.200219,-0.115365
0.180991,-0.304542
0.133635,-0.656098
0.0492117,-1.02201
-0.0671951,-1.28084
-0.200298,-1.34276
-0.32704,-1.14973
-0.422677,-0.735162
-0.470159,-0.205444
-0.463481,0.331748
-0.407077,0.771277
-0.315781,1.01793
-0.210837,1.04889
-0.111827,0.908873
-0.0331453,0.650676
0.0168819,0.353577
0.0416777,0.178082
0.061243,0.252394
0.097285,0.475782
0.155933,0.685563
0.231423,0.806976
0.313208,0.806042
0.387076,0.64092
0.43506,0.290515
0.440685,-0.190977
0.395752,-0.703589
0.302404,-1.14203
0.17358,-1.39574
0.0320507,-1.39222
-0.0969854,-1.15859
-0.194913,-0.78656
-0.253371,-0.38855
-0.276112,-0.0923793
-0.277792,0.0319136
-0.273733,0.0383445
-0.271312,0.0089347
-0.272051,-0.0233213
-0.275845,-0.050662
