1.60895e-12
1.49309e-12
1.44515e-12
1.42035e-12
1.4057e-12
1.39627e-12
1.38979e-12
1.38514e-12
1.38167e-12
1.379e-12
1.3769e-12
1.37522e-12
1.37385e-12
1.37271e-12
1.37176e-12
1.37095e-12
1.37026e-12
1.36967e-12
1.36915e-12
1.36869e-12
1.36829e-12
1.36794e-12
1.36762e-12
1.36733e-12
1.36708e-12
1.36685e-12
1.36664e-12
1.36645e-12
1.36627e-12
1.36611e-12
1.36596e-12
1.36583e-12
1.3657e-12
1.36559e-12
1.36548e-12
1.36538e-12
1.36528e-12
1.3652e-12
1.36511e-12
1.36504e-12
1.36496e-12
1.3649e-12
1.36483e-12
1.36477e-12
1.36471e-12
1.36466e-12
1.36461e-12
1.36456e-12
1.36451e-12
1.36446e-12
1.36442e-12
1.36438e-12
1.36434e-12
1.3643e-12
1.36427e-12
1.36423e-12
1.3642e-12
1.36417e-12
1.36414e-12
1.36411e-12
1.36408e-12
1.36405e-12
1.36402e-12
1.364e-12
1.36397e-12
1.36395e-12
1.36392e-12
1.3639e-12
1.36388e-12
1.36385e-12
1.36383e-12
1.36381e-12
1.36379e-12
1.36377e-12
1.36375e-12
1.36373e-12
1.36371e-12
1.36369e-12
1.36368e-12
1.36366e-12
1.36364e-12
1.36362e-12
1.36361e-12
1.36359e-12
1.36357e-12
1.36356e-12
1.36354e-12
1.36353e-12
1.36351e-12
1.36349e-12
1.36348e-12
1.36346e-12
1.36345e-12
1.36343e-12
1.36342e-12
1.36341e-12
1.36339e-12
1.36338e-12
1.36336e-12
1.36335e-12
1.36333e-12
1.36332e-12
1.36331e-12
1.36329e-12
1.36328e-12
1.36326e-12
1.36325e-12
1.36324e-12
1.36322e-12
1.36321e-12
1.3632e-12
1.36318e-12
1.36317e-12
1.36315e-12
1.36314e-12
1.36313e-12
1.36311e-12
1.3631e-12
1.36309e-12
1.36307e-12
1.36306e-12
1.36305e-12
1.36303e-12
1.36302e-12
1.363e-12
1.36299e-12
1.36298e-12
1.36296e-12
1.36295e-12
1.36294e-12
1.36292e-12
1.36291e-12
1.36289e-12
1.36288e-12
1.36287e-12
1.36285e-12
1.36284e-12
1.36282e-12
1.36281e-12
1.36279e-12
1.36278e-12
1.36277e-12
1.36275e-12
1.36274e-12
1.36272e-12
1.36271e-12
1.36269e-12
1.36268e-12
1.36266e-12
1.36265e-12
1.36263e-12
1.36262e-12
1.3626e-12
1.36259e-12
1.36257e-12
1.36256e-12
1.36254e-12
1.36253e-12
1.36251e-12
1.36249e-12
1.36248e-12
1.36246e-12
1.36245e-12
1.36243e-12
1.36241e-12
1.3624e-12
1.36238e-12
1.36236e-12
1.36235e-12
1.36233e-12
1.36231e-12
1.3623e-12
1.36228e-12
1.36226e-12
1.36224e-12
1.36223e-12
1.36221e-12
1.36219e-12
1.36217e-12
1.36216e-12
1.36214e-12
1.36212e-12
1.3621e-12
1.36208e-12
1.36207e-12
1.36205e-12
1.36203e-12
1.36201e-12
1.36199e-12
1.36197e-12
1.36195e-12
1.36193e-12
1.36191e-12
1.36189e-12
1.36187e-12
1.36185e-12
1.36183e-12
1.36181e-12
1.36179e-12
1.36177e-12
1.36175e-12
1.36173e-12
1.36171e-12
1.36169e-12
1.36167e-12
1.36165e-12
1.36163e-12
1.36161e-12
1.36159e-12
1.36156e-12
1.36154e-12
1.36152e-12
1.3615e-12
1.36148e-12
1.36145e-12
1.36143e-12
1.36141e-12
1.36138e-12
1.36136e-12
1.36134e-12
1.36131e-12
1.36129e-12
1.36127e-12
1.36124e-12
1.36122e-12
1.3612e-12
1.36117e-12
1.36115e-12
1.36112e-12
1.3611e-12
1.36107e-12
1.36105e-12
1.36102e-12
1.361e-12
1.36097e-12
1.36094e-12
1.36092e-12
1.36089e-12
1.36087e-12
1.36084e-12
1.36081e-12
1.36079e-12
1.36076e-12
1.36073e-12
1.3607e-12
1.36068e-12
1.36065e-12
1.36062e-12
1.36059e-12
1.36056e-12
1.36053e-12
1.36051e-12
1.36048e-12
1.36045e-12
1.36042e-12
1.36039e-12
1.36036e-12
1.36033e-12
1.3603e-12
1.36027e-12
1.36024e-12
1.36021e-12
1.36018e-12
1.36015e-12
1.36011e-12
1.36008e-12
1.36005e-12
1.36002e-12
1.35999e-12
1.35995e-12
1.35992e-12
1.35989e-12
1.35986e-12
1.35982e-12
1.35979e-12
1.35975e-12
1.35972e-12
1.35969e-12
1.35965e-12
1.35962e-12
1.35958e-12
1.35955e-12
1.35951e-12
1.35948e-12
1.35944e-12
1.3594e-12
1.35937e-12
1.35933e-12
1.35929e-12
1.35926e-12
1.35922e-12
1.35918e-12
1.35915e-12
1.35911e-12
1.35907e-12
1.35903e-12
1.35899e-12
1.35895e-12
1.35891e-12
1.35887e-12
1.35883e-12
1.35879e-12
1.35875e-12
1.35871e-12
1.35867e-12
1.35863e-12
1.35859e-12
1.35855e-12
1.35851e-12
1.35846e-12
1.35842e-12
1.35838e-12
1.35834e-12
1.35829e-12
1.35825e-12
1.35821e-12
1.35816e-12
1.35812e-12
1.35807e-12
1.35803e-12
1.35798e-12
1.35794e-12
1.35789e-12
1.35784e-12
1.3578e-12
1.35775e-12
1.3577e-12
1.35766e-12
1.35761e-12
1.35756e-12
1.35751e-12
1.35746e-12
1.35741e-12
1.35736e-12
1.35731e-12
1.35726e-12
1.35721e-12
1.35716e-12
1.35711e-12
1.35706e-12
1.35701e-12
1.35696e-12
1.3569e-12
1.35685e-12
1.3568e-12
1.35675e-12
1.35669e-12
1.35664e-12
1.35658e-12
1.35653e-12
1.35647e-12
1.35642e-12
1.35636e-12
1.35631e-12
1.35625e-12
1.35619e-12
1.35613e-12
1.35608e-12
1.35602e-12
1.35596e-12
1.3559e-12
1.35584e-12
1.35578e-12
1.35572e-12
1.35566e-12
1.3556e-12
1.35554e-12
1.35548e-12
1.35541e-12
1.35535e-12
1.35529e-12
1.35523e-12
1.35516e-12
1.3551e-12
1.35503e-12
1.35497e-12
1.3549e-12
1.35484e-12
1.35477e-12
1.3547e-12
1.35464e-12
1.35457e-12
1.3545e-12
1.35443e-12
1.35436e-12
1.35429e-12
1.35422e-12
1.35415e-12
1.35408e-12
1.35401e-12
1.35394e-12
1.35387e-12
1.35379e-12
1.35372e-12
1.35365e-12
1.35357e-12
1.3535e-12
1.35342e-12
1.35335e-12
1.35327e-12
1.35319e-12
1.35311e-12
1.35304e-12
1.35296e-12
1.35288e-12
1.3528e-12
1.35272e-12
1.35264e-12
1.35256e-12
1.35248e-12
1.35239e-12
1.35231e-12
1.35223e-12
1.35214e-12
1.35206e-12
1.35197e-12
1.35189e-12
1.3518e-12
1.35172e-12
1.35163e-12
1.35154e-12
1.35145e-12
1.35136e-12
1.35127e-12
1.35118e-12
1.35109e-12
1.351e-12
1.35091e-12
1.35081e-12
1.35072e-12
1.35063e-12
1.35053e-12
1.35043e-12
1.35034e-12
1.35024e-12
1.35014e-12
1.35005e-12
1.34995e-12
1.34985e-12
1.34975e-12
1.34965e-12
1.34954e-12
1.34944e-12
1.34934e-12
1.34923e-12
1.34913e-12
1.34902e-12
1.34892e-12
1.34881e-12
1.3487e-12
1.3486e-12
1.34849e-12
1.34838e-12
1.34827e-12
1.34815e-12
1.34804e-12
1.34793e-12
1.34781e-12
1.3477e-12
1.34758e-12
1.34747e-12
1.34735e-12
1.34723e-12
1.34711e-12
1.34699e-12
1.34687e-12
1.34675e-12
1.34663e-12
1.34651e-12
1.34638e-12
1.34626e-12
1.34613e-12
1.346e-12
1.34588e-12
1.34575e-12
1.34562e-12
1.34549e-12
1.34536e-12
1.34522e-12
1.34509e-12
1.34495e-12
1.34482e-12
1.34468e-12
1.34454e-12
1.34441e-12
1.34427e-12
1.34413e-12
1.34398e-12
1.34384e-12
1.3437e-12
1.34355e-12
1.34341e-12
1.34326e-12
1.34311e-12
1.34296e-12
1.34281e-12
1.34266e-12
1.34251e-12
1.34235e-12
1.3422e-12
1.34204e-12
1.34188e-12
1.34173e-12
1.34157e-12
1.3414e-12
1.34124e-12
1.34108e-12
1.34091e-12
1.34075e-12
1.34058e-12
1.34041e-12
1.34024e-12
1.34007e-12
1.3399e-12
1.33972e-12
1.33955e-12
1.33937e-12
1.33919e-12
1.33901e-12
1.33883e-12
1.33865e-12
1.33846e-12
1.33828e-12
1.33809e-12
1.3379e-12
1.33771e-12
1.33752e-12
1.33733e-12
1.33713e-12
1.33694e-12
1.33674e-12
1.33654e-12
1.33634e-12
1.33614e-12
1.33593e-12
1.33573e-12
1.33552e-12
1.33531e-12
1.3351e-12
1.33489e-12
1.33467e-12
1.33446e-12
1.33424e-12
1.33402e-12
1.33379e-12
1.33357e-12
1.33335e-12
1.33312e-12
1.33289e-12
1.33266e-12
1.33242e-12
1.33219e-12
1.33195e-12
1.33171e-12
1.33147e-12
1.33123e-12
1.33098e-12
1.33073e-12
1.33048e-12
1.33023e-12
1.32998e-12
1.32972e-12
1.32946e-12
1.3292e-12
1.32894e-12
1.32867e-12
1.3284e-12
1.32813e-12
1.32786e-12
1.32758e-12
1.32731e-12
1.32703e-12
1.32674e-12
1.32646e-12
1.32617e-12
1.32588e-12
1.32558e-12
1.32529e-12
1.32499e-12
1.32469e-12
1.32438e-12
1.32408e-12
1.32377e-12
1.32345e-12
1.32314e-12
1.32282e-12
1.3225e-12
1.32217e-12
1.32185e-12
1.32151e-12
1.32118e-12
1.32084e-12
1.3205e-12
1.32016e-12
1.31981e-12
1.31946e-12
1.31911e-12
1.31875e-12
1.31839e-12
1.31802e-12
1.31766e-12
1.31728e-12
1.31691e-12
1.31653e-12
1.31615e-12
1.31576e-12
1.31537e-12
1.31497e-12
1.31458e-12
1.31417e-12
1.31377e-12
1.31336e-12
1.31294e-12
1.31252e-12
1.3121e-12
1.31167e-12
1.31124e-12
1.3108e-12
1.31036e-12
1.30991e-12
1.30946e-12
1.309e-12
1.30854e-12
1.30808e-12
1.30761e-12
1.30713e-12
1.30665e-12
1.30616e-12
1.30567e-12
1.30517e-12
1.30467e-12
1.30416e-12
1.30365e-12
1.30313e-12
1.30261e-12
1.30207e-12
1.30154e-12
1.30099e-12
1.30044e-12
1.29989e-12
1.29933e-12
1.29876e-12
1.29818e-12
1.2976e-12
1.29701e-12
1.29642e-12
1.29581e-12
1.2952e-12
1.29459e-12
1.29396e-12
1.29333e-12
1.29269e-12
1.29204e-12
1.29139e-12
1.29072e-12
1.29005e-12
1.28937e-12
1.28868e-12
1.28799e-12
1.28728e-12
1.28657e-12
1.28584e-12
1.28511e-12
1.28437e-12
1.28361e-12
1.28285e-12
1.28208e-12
1.2813e-12
1.28051e-12
1.2797e-12
1.27889e-12
1.27807e-12
1.27723e-12
1.27639e-12
1.27553e-12
1.27466e-12
1.27378e-12
1.27288e-12
1.27198e-12
1.27106e-12
1.27013e-12
1.26918e-12
1.26822e-12
1.26725e-12
1.26627e-12
1.26526e-12
1.26425e-12
1.26322e-12
1.26218e-12
1.26112e-12
1.26004e-12
1.25895e-12
1.25784e-12
1.25671e-12
1.25557e-12
1.25441e-12
1.25323e-12
1.25203e-12
1.25082e-12
1.24958e-12
1.24833e-12
1.24705e-12
1.24576e-12
1.24444e-12
1.2431e-12
1.24175e-12
1.24036e-12
1.23896e-12
1.23753e-12
1.23608e-12
1.2346e-12
1.23309e-12
1.23157e-12
1.23001e-12
1.22843e-12
1.22681e-12
1.22517e-12
1.22351e-12
1.22181e-12
1.22007e-12
1.21831e-12
1.21652e-12
1.21469e-12
1.21282e-12
1.21093e-12
1.20899e-12
1.20702e-12
1.20501e-12
1.20296e-12
1.20087e-12
1.19873e-12
1.19656e-12
1.19434e-12
1.19207e-12
1.18976e-12
1.1874e-12
1.18498e-12
1.18252e-12
1.18001e-12
1.17744e-12
1.17481e-12
1.17213e-12
1.16938e-12
1.16658e-12
1.16371e-12
1.16077e-12
1.15777e-12
1.15469e-12
1.15154e-12
1.14832e-12
1.14502e-12
1.14163e-12
1.13817e-12
1.13461e-12
1.13097e-12
1.12723e-12
1.1234e-12
1.11946e-12
1.11543e-12
1.11128e-12
1.10702e-12
1.10264e-12
1.09814e-12
1.09352e-12
1.08876e-12
1.08386e-12
1.07883e-12
1.07364e-12
1.06829e-12
1.06279e-12
1.05711e-12
1.05126e-12
1.04522e-12
1.03898e-12
1.03254e-12
1.02589e-12
1.01901e-12
1.0119e-12
1.00455e-12
9.9693e-13
9.89041e-13
9.80866e-13
9.7239e-13
9.63595e-13
9.54466e-13
9.44982e-13
9.35124e-13
9.2487e-13
9.14198e-13
9.03082e-13
8.91495e-13
8.7941e-13
8.66793e-13
8.53611e-13
8.39828e-13
8.25404e-13
8.10296e-13
7.94456e-13
7.77833e-13
7.60371e-13
7.4201e-13
7.22683e-13
7.02316e-13
6.8083e-13
6.58135e-13
6.34136e-13
6.08725e-13
5.81785e-13
5.53184e-13
5.2278e-13
4.9041e-13
4.559e-13
4.1905e-13
3.79642e-13
3.37432e-13
2.92148e-13
2.43488e-13
1.91114e-13
1.34652e-13
7.36862e-14
7.75517e-15
-6.36492e-14
-1.41085e-13
-2.25158e-13
-3.16523e-13
-4.15871e-13
-5.23919e-13
-6.41389e-13
-7.68965e-13
-9.07252e-13
-1.0567e-12
-1.2175e-12
-1.3895e-12
-1.57205e-12
-1.76386e-12
-1.96293e-12
-2.16646e-12
-2.3709e-12
-2.57213e-12
-2.76578e-12
-2.94755e-12
-3.11375e-12
-3.26154e-12
-3.38925e-12
-3.49633e-12
-3.5833e-12
-3.65148e-12
-3.70272e-12
-3.73915e-12
-3.76295e-12
-3.77624e-12
-3.78093e-12
-3.77871e-12
-3.77103e-12
-3.7591e-12
-3.74394e-12
-3.72637e-12
-3.70705e-12
-3.68651e-12
-3.66517e-12
-3.64337e-12
-3.62137e-12
-3.59936e-12
-3.5775e-12
-3.55592e-12
-3.5347e-12
-3.51389e-12
-3.49356e-12
-3.47373e-12
-3.45442e-12
-3.43565e-12
-3.41741e-12
-3.3997e-12
-3.38253e-12
-3.36587e-12
-3.34972e-12
-3.33408e-12
-3.31891e-12
-3.30421e-12
-3.28997e-12
-3.27617e-12
-3.26279e-12
-3.24982e-12
-3.23724e-12
-3.22504e-12
-3.2132e-12
-3.20172e-12
-3.19057e-12
-3.17975e-12
-3.16924e-12
-3.15903e-12
-3.14911e-12
-3.13947e-12
-3.13009e-12
-3.12098e-12
-3.1121e-12
-3.10347e-12
-3.09507e-12
-3.08688e-12
-3.07891e-12
-3.07114e-12
-3.06357e-12
-3.0562e-12
-3.049e-12
-3.04198e-12
-3.03513e-12
-3.02845e-12
-3.02193e-12
-3.01555e-12
-3.00933e-12
-3.00325e-12
-2.99731e-12
-2.99151e-12
-2.98583e-12
-2.98028e-12
-2.97485e-12
-2.96954e-12
-2.96434e-12
-2.95925e-12
-2.95427e-12
-2.94939e-12
-2.94461e-12
-2.93993e-12
-2.93534e-12
-2.93085e-12
-2.92644e-12
-2.92212e-12
-2.91789e-12
-2.91373e-12
-2.90966e-12
-2.90566e-12
-2.90174e-12
-2.89789e-12
-2.89411e-12
-2.89039e-12
-2.88675e-12
-2.88317e-12
-2.87965e-12
-2.8762e-12
-2.8728e-12
-2.86947e-12
-2.86619e-12
-2.86297e-12
-2.8598e-12
-2.85668e-12
-2.85362e-12
-2.8506e-12
-2.84764e-12
-2.84472e-12
-2.84185e-12
-2.83902e-12
-2.83624e-12
-2.8335e-12
-2.83081e-12
-2.82815e-12
-2.82554e-12
-2.82296e-12
-2.82043e-12
-2.81793e-12
-2.81547e-12
-2.81305e-12
-2.81066e-12
-2.8083e-12
-2.80598e-12
-2.80369e-12
-2.80144e-12
-2.79921e-12
-2.79702e-12
-2.79486e-12
-2.79272e-12
-2.79062e-12
-2.78854e-12
-2.7865e-12
-2.78448e-12
-2.78248e-12
-2.78052e-12
-2.77858e-12
-2.77666e-12
-2.77477e-12
-2.7729e-12
-2.77106e-12
-2.76924e-12
-2.76744e-12
-2.76567e-12
-2.76391e-12
-2.76218e-12
-2.76047e-12
-2.75879e-12
-2.75712e-12
-2.75547e-12
-2.75384e-12
-2.75223e-12
-2.75064e-12
-2.74907e-12
-2.74752e-12
-2.74598e-12
-2.74446e-12
-2.74296e-12
-2.74148e-12
-2.74001e-12
-2.73856e-12
-2.73713e-12
-2.73571e-12
-2.73431e-12
-2.73292e-12
-2.73155e-12
-2.7302e-12
-2.72885e-12
-2.72753e-12
-2.72621e-12
-2.72491e-12
-2.72363e-12
-2.72236e-12
-2.7211e-12
-2.71985e-12
-2.71862e-12
-2.7174e-12
-2.71619e-12
-2.71499e-12
-2.71381e-12
-2.71264e-12
-2.71148e-12
-2.71033e-12
-2.7092e-12
-2.70807e-12
-2.70696e-12
-2.70585e-12
-2.70476e-12
-2.70368e-12
-2.7026e-12
-2.70154e-12
-2.70049e-12
-2.69945e-12
-2.69842e-12
-2.6974e-12
-2.69638e-12
-2.69538e-12
-2.69439e-12
-2.6934e-12
-2.69243e-12
-2.69146e-12
-2.6905e-12
-2.68955e-12
-2.68861e-12
-2.68768e-12
-2.68675e-12
-2.68584e-12
-2.68493e-12
-2.68403e-12
-2.68314e-12
-2.68225e-12
-2.68137e-12
-2.6805e-12
-2.67964e-12
-2.67879e-12
-2.67794e-12
-2.6771e-12
-2.67627e-12
-2.67544e-12
-2.67462e-12
-2.67381e-12
-2.673e-12
-2.67221e-12
-2.67141e-12
-2.67063e-12
-2.66985e-12
-2.66907e-12
-2.66831e-12
-2.66755e-12
-2.66679e-12
-2.66604e-12
-2.6653e-12
-2.66456e-12
-2.66383e-12
-2.6631e-12
-2.66238e-12
-2.66167e-12
-2.66096e-12
-2.66026e-12
-2.65956e-12
-2.65887e-12
-2.65818e-12
-2.6575e-12
-2.65682e-12
-2.65615e-12
-2.65548e-12
-2.65482e-12
-2.65416e-12
-2.65351e-12
-2.65286e-12
-2.65222e-12
-2.65158e-12
-2.65095e-12
-2.65032e-12
-2.6497e-12
-2.64908e-12
-2.64846e-12
-2.64785e-12
-2.64724e-12
-2.64664e-12
-2.64604e-12
-2.64545e-12
-2.64486e-12
-2.64427e-12
-2.64369e-12
-2.64312e-12
-2.64254e-12
-2.64197e-12
-2.64141e-12
-2.64085e-12
-2.64029e-12
-2.63973e-12
-2.63918e-12
-2.63864e-12
-2.63809e-12
-2.63755e-12
-2.63702e-12
-2.63649e-12
-2.63596e-12
-2.63543e-12
-2.63491e-12
-2.63439e-12
-2.63388e-12
-2.63337e-12
-2.63286e-12
-2.63235e-12
-2.63185e-12
-2.63135e-12
-2.63086e-12
-2.63036e-12
-2.62988e-12
-2.62939e-12
-2.62891e-12
-2.62843e-12
-2.62795e-12
-2.62748e-12
-2.627e-12
-2.62654e-12
-2.62607e-12
-2.62561e-12
-2.62515e-12
-2.62469e-12
-2.62424e-12
-2.62379e-12
-2.62334e-12
-2.62289e-12
-2.62245e-12
-2.62201e-12
-2.62157e-12
-2.62114e-12
-2.62071e-12
-2.62028e-12
-2.61985e-12
-2.61942e-12
-2.619e-12
-2.61858e-12
-2.61816e-12
-2.61775e-12
-2.61734e-12
-2.61693e-12
-2.61652e-12
-2.61611e-12
-2.61571e-12
-2.61531e-12
-2.61491e-12
-2.61451e-12
-2.61412e-12
-2.61373e-12
-2.61334e-12
-2.61295e-12
-2.61256e-12
-2.61218e-12
-2.6118e-12
-2.61142e-12
-2.61104e-12
-2.61067e-12
-2.6103e-12
-2.60992e-12
-2.60956e-12
-2.60919e-12
-2.60882e-12
-2.60846e-12
-2.6081e-12
-2.60774e-12
-2.60739e-12
-2.60703e-12
-2.60668e-12
-2.60633e-12
-2.60598e-12
-2.60563e-12
-2.60528e-12
-2.60494e-12
-2.6046e-12
-2.60426e-12
-2.60392e-12
-2.60358e-12
-2.60325e-12
-2.60291e-12
-2.60258e-12
-2.60225e-12
-2.60192e-12
-2.6016e-12
-2.60127e-12
-2.60095e-12
-2.60063e-12
-2.60031e-12
-2.59999e-12
-2.59967e-12
-2.59936e-12
-2.59904e-12
-2.59873e-12
-2.59842e-12
-2.59811e-12
-2.59781e-12
-2.5975e-12
-2.5972e-12
-2.59689e-12
-2.59659e-12
-2.59629e-12
-2.59599e-12
-2.5957e-12
-2.5954e-12
-2.59511e-12
-2.59481e-12
-2.59452e-12
-2.59423e-12
-2.59394e-12
-2.59366e-12
-2.59337e-12
-2.59309e-12
-2.5928e-12
-2.59252e-12
-2.59224e-12
-2.59196e-12
-2.59169e-12
-2.59141e-12
-2.59113e-12
-2.59086e-12
-2.59059e-12
-2.59032e-12
-2.59005e-12
-2.58978e-12
-2.58951e-12
-2.58924e-12
-2.58898e-12
-2.58871e-12
-2.58845e-12
-2.58819e-12
-2.58793e-12
-2.58767e-12
