0.0, 0.0
0.0165925, 0
1, 0

0.0, 0.0
0.0217883, 0.00154396
1, 0.00053234

0.0, 0.0
0.0263785, 0.00304895
0.999999, 0.00106468

0.0, 0.0
0.0305662, 0.00450873
0.999999, 0.00159702

0.0, 0.0
0.0344596, 0.00592568
0.999998, 0.00212936

0.0, 0.0
0.0381251, 0.0073037
0.999996, 0.0026617

0.0, 0.0
0.0416065, 0.00864664
0.999995, 0.00319403

0.0, 0.0
0.0449351, 0.0099579
0.999993, 0.00372637

0.0, 0.0
0.0481339, 0.0112405
0.999991, 0.00425871

0.0, 0.0
0.0512205, 0.0124969
0.999989, 0.00479104

0.0, 0.0
0.0542089, 0.0137293
0.999986, 0.00532337

0.0, 0.0
0.05711, 0.0149397
0.999983, 0.00585571

0.0, 0.0
0.0599331, 0.0161297
0.99998, 0.00638804

0.0, 0.0
0.0626858, 0.0173008
0.999976, 0.00692036

0.0, 0.0
0.0653744, 0.0184541
0.999972, 0.00745269

0.0, 0.0
0.0680044, 0.019591
0.999968, 0.00798502

0.0, 0.0
0.0705805, 0.0207123
0.999964, 0.00851734

0.0, 0.0
0.0731069, 0.021819
0.999959, 0.00904966

0.0, 0.0
0.075587, 0.0229119
0.999954, 0.00958197

0.0, 0.0
0.078024, 0.0239918
0.999949, 0.0101143

0.0, 0.0
0.0804207, 0.0250593
0.999943, 0.0106466

0.0, 0.0
0.0827797, 0.026115
0.999938, 0.0111789

0.0, 0.0
0.0851031, 0.0271595
0.999931, 0.0117112

0.0, 0.0
0.087393, 0.0281933
0.999925, 0.0122435

0.0, 0.0
0.0896513, 0.0292169
0.999918, 0.0127758

0.0, 0.0
0.0918795, 0.0302307
0.999911, 0.0133081

0.0, 0.0
0.0940792, 0.0312351
0.999904, 0.0138404

0.0, 0.0
0.0962518, 0.0322305
0.999897, 0.0143727

0.0, 0.0
0.0983986, 0.0332173
0.999889, 0.014905

0.0, 0.0
0.100521, 0.0341957
0.999881, 0.0154372

0.0, 0.0
0.102619, 0.0351662
0.999872, 0.0159695

0.0, 0.0
0.104695, 0.0361289
0.999864, 0.0165018

0.0, 0.0
0.10675, 0.0370841
0.999855, 0.0170341

0.0, 0.0
0.108783, 0.0380321
0.999846, 0.0175663

0.0, 0.0
0.110797, 0.0389732
0.999836, 0.0180986

0.0, 0.0
0.112791, 0.0399075
0.999826, 0.0186308

0.0, 0.0
0.114767, 0.0408352
0.999816, 0.0191631

0.0, 0.0
0.116726, 0.0417566
0.999806, 0.0196953

0.0, 0.0
0.118667, 0.0426719
0.999795, 0.0202275

0.0, 0.0
0.120591, 0.0435812
0.999784, 0.0207598

0.0, 0.0
0.122499, 0.0444847
0.999773, 0.021292

0.0, 0.0
0.124392, 0.0453825
0.999762, 0.0218242

0.0, 0.0
0.12627, 0.0462749
0.99975, 0.0223564

0.0, 0.0
0.128133, 0.0471619
0.999738, 0.0228886

0.0, 0.0
0.129982, 0.0480438
0.999726, 0.0234208

0.0, 0.0
0.131818, 0.0489205
0.999713, 0.023953

0.0, 0.0
0.13364, 0.0497923
0.9997, 0.0244852

0.0, 0.0
0.135449, 0.0506593
0.999687, 0.0250174

0.0, 0.0
0.137245, 0.0515216
0.999674, 0.0255495

0.0, 0.0
0.13903, 0.0523793
0.99966, 0.0260817

0.0, 0.0
0.140802, 0.0532326
0.999646, 0.0266139

0.0, 0.0
0.142563, 0.0540814
0.999631, 0.027146

0.0, 0.0
0.144313, 0.054926
0.999617, 0.0276781

0.0, 0.0
0.146051, 0.0557664
0.999602, 0.0282103

0.0, 0.0
0.147779, 0.0566027
0.999587, 0.0287424

0.0, 0.0
0.149497, 0.0574349
0.999571, 0.0292745

0.0, 0.0
0.151204, 0.0582633
0.999556, 0.0298066

0.0, 0.0
0.152901, 0.0590878
0.99954, 0.0303387

0.0, 0.0
0.154589, 0.0599085
0.999523, 0.0308708

0.0, 0.0
0.156267, 0.0607256
0.999507, 0.0314029

0.0, 0.0
0.157935, 0.061539
0.99949, 0.031935

0.0, 0.0
0.159595, 0.0623489
0.999473, 0.032467

0.0, 0.0
0.161246, 0.0631553
0.999455, 0.0329991

0.0, 0.0
0.162888, 0.0639583
0.999438, 0.0335311

0.0, 0.0
0.164521, 0.064758
0.99942, 0.0340632

0.0, 0.0
0.166146, 0.0655544
0.999401, 0.0345952

0.0, 0.0
0.167763, 0.0663475
0.999383, 0.0351272

0.0, 0.0
0.169372, 0.0671375
0.999364, 0.0356592

0.0, 0.0
0.170973, 0.0679243
0.999345, 0.0361912

0.0, 0.0
0.172567, 0.0687081
0.999325, 0.0367232

0.0, 0.0
0.174153, 0.0694889
0.999306, 0.0372552

0.0, 0.0
0.175731, 0.0702667
0.999286, 0.0377871

0.0, 0.0
0.177302, 0.0710416
0.999266, 0.0383191

0.0, 0.0
0.178866, 0.0718137
0.999245, 0.038851

0.0, 0.0
0.180423, 0.0725829
0.999224, 0.039383

0.0, 0.0
0.181973, 0.0733494
0.999203, 0.0399149

0.0, 0.0
0.183517, 0.0741131
0.999182, 0.0404468

0.0, 0.0
0.185053, 0.0748742
0.99916, 0.0409787

0.0, 0.0
0.186584, 0.0756326
0.999138, 0.0415106

0.0, 0.0
0.188107, 0.0763884
0.999116, 0.0420425

0.0, 0.0
0.189625, 0.0771416
0.999093, 0.0425743

0.0, 0.0
0.191136, 0.0778924
0.99907, 0.0431062

0.0, 0.0
0.192642, 0.0786406
0.999047, 0.043638

0.0, 0.0
0.194141, 0.0793864
0.999024, 0.0441698

0.0, 0.0
0.195634, 0.0801298
0.999, 0.0447017

0.0, 0.0
0.197122, 0.0808708
0.998976, 0.0452335

0.0, 0.0
0.198603, 0.0816095
0.998952, 0.0457652

0.0, 0.0
0.20008, 0.0823458
0.998928, 0.046297

0.0, 0.0
0.20155, 0.0830799
0.998903, 0.0468288

0.0, 0.0
0.203015, 0.0838117
0.998878, 0.0473605

0.0, 0.0
0.204475, 0.0845413
0.998853, 0.0478923

0.0, 0.0
0.20593, 0.0852687
0.998827, 0.048424

0.0, 0.0
0.207379, 0.0859939
0.998801, 0.0489557

0.0, 0.0
0.208823, 0.086717
0.998775, 0.0494874

0.0, 0.0
0.210262, 0.087438
0.998748, 0.0500191

0.0, 0.0
0.211696, 0.0881569
0.998721, 0.0505507

0.0, 0.0
0.213126, 0.0888738
0.998694, 0.0510824

0.0, 0.0
0.21455, 0.0895886
0.998667, 0.051614

0.0, 0.0
0.21597, 0.0903015
0.998639, 0.0521457

0.0, 0.0
0.217384, 0.0910123
0.998612, 0.0526773

0.0, 0.0
0.218795, 0.0917213
0.998583, 0.0532089

0.0, 0.0
0.2202, 0.0924283
0.998555, 0.0537404

0.0, 0.0
0.221601, 0.0931333
0.998526, 0.054272

0.0, 0.0
0.222998, 0.0938365
0.998497, 0.0548035

0.0, 0.0
0.22439, 0.0945379
0.998468, 0.0553351

0.0, 0.0
0.225778, 0.0952374
0.998438, 0.0558666

0.0, 0.0
0.227161, 0.0959351
0.998408, 0.0563981

0.0, 0.0
0.228541, 0.096631
0.998378, 0.0569296

0.0, 0.0
0.229916, 0.0973251
0.998348, 0.0574611

0.0, 0.0
0.231287, 0.0980175
0.998317, 0.0579925

0.0, 0.0
0.232654, 0.0987081
0.998286, 0.0585239

0.0, 0.0
0.234016, 0.099397
0.998255, 0.0590554

0.0, 0.0
0.235375, 0.100084
0.998223, 0.0595868

0.0, 0.0
0.23673, 0.10077
0.998191, 0.0601181

0.0, 0.0
0.238081, 0.101454
0.998159, 0.0606495

0.0, 0.0
0.239428, 0.102136
0.998127, 0.0611809

0.0, 0.0
0.240772, 0.102816
0.998094, 0.0617122

0.0, 0.0
0.242111, 0.103495
0.998061, 0.0622435

0.0, 0.0
0.243447, 0.104173
0.998028, 0.0627748

0.0, 0.0
0.244779, 0.104849
0.997994, 0.0633061

0.0, 0.0
0.246108, 0.105523
0.99796, 0.0638374

0.0, 0.0
0.247433, 0.106196
0.997926, 0.0643686

0.0, 0.0
0.248754, 0.106867
0.997892, 0.0648998

0.0, 0.0
0.250072, 0.107537
0.997857, 0.065431

0.0, 0.0
0.251387, 0.108205
0.997822, 0.0659622

0.0, 0.0
0.252698, 0.108872
0.997787, 0.0664934

0.0, 0.0
0.254005, 0.109537
0.997751, 0.0670246

0.0, 0.0
0.25531, 0.110201
0.997716, 0.0675557

0.0, 0.0
0.256611, 0.110863
0.997679, 0.0680868

0.0, 0.0
0.257908, 0.111524
0.997643, 0.0686179

0.0, 0.0
0.259203, 0.112183
0.997606, 0.069149

0.0, 0.0
0.260494, 0.112841
0.997569, 0.06968

0.0, 0.0
0.261782, 0.113498
0.997532, 0.0702111

0.0, 0.0
0.263066, 0.114154
0.997495, 0.0707421

0.0, 0.0
0.264348, 0.114808
0.997457, 0.0712731

0.0, 0.0
0.265627, 0.11546
0.997419, 0.0718041

0.0, 0.0
0.266902, 0.116112
0.99738, 0.072335

0.0, 0.0
0.268175, 0.116762
0.997342, 0.0728659

0.0, 0.0
0.269444, 0.11741
0.997303, 0.0733969

0.0, 0.0
0.270711, 0.118058
0.997264, 0.0739278

0.0, 0.0
0.271974, 0.118704
0.997224, 0.0744586

0.0, 0.0
0.273235, 0.119349
0.997184, 0.0749895

0.0, 0.0
0.274493, 0.119992
0.997144, 0.0755203

0.0, 0.0
0.275748, 0.120635
0.997104, 0.0760511

0.0, 0.0
0.277, 0.121276
0.997063, 0.0765819

0.0, 0.0
0.278249, 0.121915
0.997022, 0.0771127

0.0, 0.0
0.279496, 0.122554
0.996981, 0.0776434

0.0, 0.0
0.28074, 0.123192
0.99694, 0.0781741

0.0, 0.0
0.281981, 0.123828
0.996898, 0.0787048

0.0, 0.0
0.283219, 0.124463
0.996856, 0.0792355

0.0, 0.0
0.284455, 0.125097
0.996814, 0.0797662

0.0, 0.0
0.285688, 0.125729
0.996771, 0.0802968

0.0, 0.0
0.286918, 0.126361
0.996728, 0.0808274

0.0, 0.0
0.288146, 0.126991
0.996685, 0.081358

0.0, 0.0
0.289371, 0.12762
0.996641, 0.0818886

0.0, 0.0
0.290594, 0.128249
0.996598, 0.0824191

0.0, 0.0
0.291814, 0.128875
0.996554, 0.0829496

0.0, 0.0
0.293031, 0.129501
0.996509, 0.0834801

0.0, 0.0
0.294246, 0.130126
0.996465, 0.0840106

0.0, 0.0
0.295459, 0.13075
0.99642, 0.084541

0.0, 0.0
0.296669, 0.131372
0.996375, 0.0850715

0.0, 0.0
0.297877, 0.131994
0.996329, 0.0856018

0.0, 0.0
0.299082, 0.132614
0.996284, 0.0861322

0.0, 0.0
0.300285, 0.133234
0.996238, 0.0866626

0.0, 0.0
0.301486, 0.133852
0.996191, 0.0871929

0.0, 0.0
0.302684, 0.134469
0.996145, 0.0877232

0.0, 0.0
0.30388, 0.135085
0.996098, 0.0882535

0.0, 0.0
0.305073, 0.1357
0.996051, 0.0887837

0.0, 0.0
0.306265, 0.136315
0.996004, 0.0893139

0.0, 0.0
0.307454, 0.136928
0.995956, 0.0898441

0.0, 0.0
0.30864, 0.13754
0.995908, 0.0903743

0.0, 0.0
0.309825, 0.138151
0.99586, 0.0909045

0.0, 0.0
0.311007, 0.138761
0.995811, 0.0914346

0.0, 0.0
0.312187, 0.13937
0.995762, 0.0919647

0.0, 0.0
0.313365, 0.139979
0.995713, 0.0924948

0.0, 0.0
0.314541, 0.140586
0.995664, 0.0930248

0.0, 0.0
0.315714, 0.141192
0.995614, 0.0935548

0.0, 0.0
0.316886, 0.141797
0.995564, 0.0940848

0.0, 0.0
0.318055, 0.142402
0.995514, 0.0946148

0.0, 0.0
0.319222, 0.143005
0.995463, 0.0951447

0.0, 0.0
0.320388, 0.143607
0.995413, 0.0956746

0.0, 0.0
0.321551, 0.144209
0.995362, 0.0962045

0.0, 0.0
0.322712, 0.144809
0.99531, 0.0967344

0.0, 0.0
0.323871, 0.145409
0.995259, 0.0972642

0.0, 0.0
0.325028, 0.146008
0.995207, 0.097794

0.0, 0.0
0.326183, 0.146606
0.995154, 0.0983238

0.0, 0.0
0.327335, 0.147203
0.995102, 0.0988535

0.0, 0.0
0.328486, 0.147799
0.995049, 0.0993832

0.0, 0.0
0.329635, 0.148394
0.994996, 0.0999129

0.0, 0.0
0.330783, 0.148988
0.994943, 0.100443

0.0, 0.0
0.331928, 0.149582
0.994889, 0.100972

0.0, 0.0
0.333071, 0.150174
0.994835, 0.101502

0.0, 0.0
0.334212, 0.150766
0.994781, 0.102031

0.0, 0.0
0.335352, 0.151357
0.994727, 0.102561

0.0, 0.0
0.336489, 0.151947
0.994672, 0.10309

0.0, 0.0
0.337625, 0.152536
0.994617, 0.10362

0.0, 0.0
0.338759, 0.153124
0.994562, 0.104149

0.0, 0.0
0.33989, 0.153711
0.994506, 0.104679

0.0, 0.0
0.341021, 0.154298
0.99445, 0.105208

0.0, 0.0
0.342149, 0.154884
0.994394, 0.105738

0.0, 0.0
0.343275, 0.155469
0.994338, 0.106267

0.0, 0.0
0.3444, 0.156053
0.994281, 0.106796

0.0, 0.0
0.345523, 0.156636
0.994224, 0.107326

0.0, 0.0
0.346644, 0.157219
0.994167, 0.107855

0.0, 0.0
0.347764, 0.1578
0.994109, 0.108384

0.0, 0.0
0.348881, 0.158381
0.994051, 0.108913

0.0, 0.0
0.349997, 0.158961
0.993993, 0.109442

0.0, 0.0
0.351111, 0.159541
0.993935, 0.109972

0.0, 0.0
0.352224, 0.160119
0.993876, 0.110501

0.0, 0.0
0.353335, 0.160697
0.993817, 0.11103

0.0, 0.0
0.354444, 0.161274
0.993758, 0.111559

0.0, 0.0
0.355551, 0.16185
0.993698, 0.112088

0.0, 0.0
0.356657, 0.162426
0.993639, 0.112617

0.0, 0.0
0.357761, 0.163001
0.993578, 0.113146

0.0, 0.0
0.358864, 0.163575
0.993518, 0.113675

0.0, 0.0
0.359965, 0.164148
0.993457, 0.114203

0.0, 0.0
0.361064, 0.16472
0.993396, 0.114732

0.0, 0.0
0.362161, 0.165292
0.993335, 0.115261

0.0, 0.0
0.363257, 0.165863
0.993274, 0.11579

0.0, 0.0
0.364352, 0.166433
0.993212, 0.116319

0.0, 0.0
0.365445, 0.167003
0.99315, 0.116847

0.0, 0.0
0.366536, 0.167572
0.993088, 0.117376

0.0, 0.0
0.367626, 0.16814
0.993025, 0.117905

0.0, 0.0
0.368714, 0.168707
0.992962, 0.118433

0.0, 0.0
0.3698, 0.169274
0.992899, 0.118962

0.0, 0.0
0.370885, 0.16984
0.992835, 0.11949

0.0, 0.0
0.371969, 0.170405
0.992772, 0.120019

0.0, 0.0
0.373051, 0.17097
0.992708, 0.120547

0.0, 0.0
0.374132, 0.171534
0.992643, 0.121076

0.0, 0.0
0.375211, 0.172097
0.992579, 0.121604

0.0, 0.0
0.376288, 0.172659
0.992514, 0.122133

0.0, 0.0
0.377364, 0.173221
0.992449, 0.122661

0.0, 0.0
0.378439, 0.173782
0.992383, 0.123189

0.0, 0.0
0.379512, 0.174343
0.992317, 0.123717

0.0, 0.0
0.380584, 0.174903
0.992251, 0.124246

0.0, 0.0
0.381654, 0.175462
0.992185, 0.124774

0.0, 0.0
0.382723, 0.17602
0.992119, 0.125302

0.0, 0.0
0.38379, 0.176578
0.992052, 0.12583

0.0, 0.0
0.384856, 0.177135
0.991985, 0.126358

0.0, 0.0
0.385921, 0.177692
0.991917, 0.126886

0.0, 0.0
0.386984, 0.178247
0.99185, 0.127414

0.0, 0.0
0.388045, 0.178803
0.991782, 0.127942

0.0, 0.0
0.389106, 0.179357
0.991713, 0.12847

0.0, 0.0
0.390165, 0.179911
0.991645, 0.128998

0.0, 0.0
0.391222, 0.180464
0.991576, 0.129526

0.0, 0.0
0.392279, 0.181017
0.991507, 0.130054

0.0, 0.0
0.393333, 0.181569
0.991438, 0.130582

0.0, 0.0
0.394387, 0.18212
0.991368, 0.131109

0.0, 0.0
0.395439, 0.182671
0.991298, 0.131637

0.0, 0.0
0.39649, 0.183221
0.991228, 0.132165

0.0, 0.0
0.39754, 0.183771
0.991157, 0.132692

0.0, 0.0
0.398588, 0.18432
0.991086, 0.13322

0.0, 0.0
0.399635, 0.184868
0.991015, 0.133748

0.0, 0.0
0.40068, 0.185416
0.990944, 0.134275

0.0, 0.0
0.401725, 0.185963
0.990872, 0.134803

0.0, 0.0
0.402768, 0.186509
0.990801, 0.13533

0.0, 0.0
0.403809, 0.187055
0.990728, 0.135858

0.0, 0.0
0.40485, 0.1876
0.990656, 0.136385

0.0, 0.0
0.405889, 0.188145
0.990583, 0.136912

0.0, 0.0
0.406927, 0.188689
0.99051, 0.13744

0.0, 0.0
0.407964, 0.189233
0.990437, 0.137967

0.0, 0.0
0.408999, 0.189775
0.990363, 0.138494

0.0, 0.0
0.410033, 0.190318
0.990289, 0.139021

0.0, 0.0
0.411066, 0.19086
0.990215, 0.139548

0.0, 0.0
0.412098, 0.191401
0.990141, 0.140076

0.0, 0.0
0.413129, 0.191941
0.990066, 0.140603

0.0, 0.0
0.414158, 0.192481
0.989991, 0.14113

0.0, 0.0
0.415186, 0.193021
0.989916, 0.141657

0.0, 0.0
0.416213, 0.19356
0.98984, 0.142184

0.0, 0.0
0.417238, 0.194098
0.989764, 0.142711

0.0, 0.0
0.418263, 0.194636
0.989688, 0.143237

0.0, 0.0
0.419286, 0.195173
0.989612, 0.143764

0.0, 0.0
0.420308, 0.19571
0.989535, 0.144291

0.0, 0.0
0.421329, 0.196246
0.989458, 0.144818

0.0, 0.0
0.422349, 0.196781
0.989381, 0.145344

0.0, 0.0
0.423368, 0.197316
0.989304, 0.145871

0.0, 0.0
0.424385, 0.197851
0.989226, 0.146398

0.0, 0.0
0.425402, 0.198385
0.989148, 0.146924

0.0, 0.0
0.426417, 0.198918
0.989069, 0.147451

0.0, 0.0
0.427431, 0.199451
0.988991, 0.147977

0.0, 0.0
0.428444, 0.199983
0.988912, 0.148504

0.0, 0.0
0.429455, 0.200515
0.988833, 0.14903

0.0, 0.0
0.430466, 0.201046
0.988753, 0.149557

0.0, 0.0
0.431476, 0.201577
0.988673, 0.150083

0.0, 0.0
0.432484, 0.202107
0.988593, 0.150609

0.0, 0.0
0.433491, 0.202637
0.988513, 0.151136

0.0, 0.0
0.434498, 0.203166
0.988432, 0.151662

0.0, 0.0
0.435503, 0.203695
0.988352, 0.152188

0.0, 0.0
0.436507, 0.204223
0.98827, 0.152714

0.0, 0.0
0.43751, 0.204751
0.988189, 0.15324

0.0, 0.0
0.438512, 0.205278
0.988107, 0.153766

0.0, 0.0
0.439512, 0.205804
0.988025, 0.154292

0.0, 0.0
0.440512, 0.20633
0.987943, 0.154818

0.0, 0.0
0.441511, 0.206856
0.98786, 0.155344

0.0, 0.0
0.442508, 0.207381
0.987778, 0.15587

0.0, 0.0
0.443505, 0.207906
0.987694, 0.156396

0.0, 0.0
0.444501, 0.20843
0.987611, 0.156921

0.0, 0.0
0.445495, 0.208953
0.987527, 0.157447

0.0, 0.0
0.446488, 0.209476
0.987443, 0.157973

0.0, 0.0
0.447481, 0.209999
0.987359, 0.158498

0.0, 0.0
0.448472, 0.210521
0.987275, 0.159024

0.0, 0.0
0.449463, 0.211043
0.98719, 0.15955

0.0, 0.0
0.450452, 0.211564
0.987105, 0.160075

0.0, 0.0
0.45144, 0.212085
0.987019, 0.1606

0.0, 0.0
0.452428, 0.212605
0.986934, 0.161126

0.0, 0.0
0.453414, 0.213125
0.986848, 0.161651

0.0, 0.0
0.454399, 0.213644
0.986762, 0.162177

0.0, 0.0
0.455384, 0.214163
0.986675, 0.162702

0.0, 0.0
0.456367, 0.214681
0.986589, 0.163227

0.0, 0.0
0.457349, 0.215199
0.986501, 0.163752

0.0, 0.0
0.458331, 0.215716
0.986414, 0.164277

0.0, 0.0
0.459311, 0.216233
0.986327, 0.164802

0.0, 0.0
0.46029, 0.216749
0.986239, 0.165328

0.0, 0.0
0.461269, 0.217265
0.986151, 0.165852

0.0, 0.0
0.462246, 0.217781
0.986062, 0.166377

0.0, 0.0
0.463223, 0.218296
0.985973, 0.166902

0.0, 0.0
0.464198, 0.21881
0.985884, 0.167427

0.0, 0.0
0.465173, 0.219324
0.985795, 0.167952

0.0, 0.0
0.466147, 0.219838
0.985706, 0.168477

0.0, 0.0
0.467119, 0.220351
0.985616, 0.169001

0.0, 0.0
0.468091, 0.220864
0.985526, 0.169526

0.0, 0.0
0.469062, 0.221376
0.985435, 0.170051

0.0, 0.0
0.470032, 0.221888
0.985345, 0.170575

0.0, 0.0
0.471001, 0.2224
0.985254, 0.1711

0.0, 0.0
0.471969, 0.222911
0.985162, 0.171624

0.0, 0.0
0.472936, 0.223421
0.985071, 0.172149

0.0, 0.0
0.473902, 0.223931
0.984979, 0.172673

0.0, 0.0
0.474868, 0.224441
0.984887, 0.173197

0.0, 0.0
0.475832, 0.22495
0.984795, 0.173722

0.0, 0.0
0.476796, 0.225459
0.984702, 0.174246

0.0, 0.0
0.477758, 0.225967
0.984609, 0.17477

0.0, 0.0
0.47872, 0.226475
0.984516, 0.175294

0.0, 0.0
0.479681, 0.226983
0.984423, 0.175818

0.0, 0.0
0.480641, 0.22749
0.984329, 0.176342

0.0, 0.0
0.4816, 0.227997
0.984235, 0.176866

0.0, 0.0
0.482558, 0.228503
0.984141, 0.17739

0.0, 0.0
0.483515, 0.229009
0.984046, 0.177914

0.0, 0.0
0.484472, 0.229514
0.983951, 0.178438

0.0, 0.0
0.485427, 0.230019
0.983856, 0.178962

0.0, 0.0
0.486382, 0.230523
0.983761, 0.179485

0.0, 0.0
0.487336, 0.231028
0.983665, 0.180009

0.0, 0.0
0.488289, 0.231531
0.983569, 0.180533

0.0, 0.0
0.489241, 0.232035
0.983473, 0.181056

0.0, 0.0
0.490192, 0.232537
0.983376, 0.18158

0.0, 0.0
0.491143, 0.23304
0.983279, 0.182103

0.0, 0.0
0.492092, 0.233542
0.983182, 0.182627

0.0, 0.0
0.493041, 0.234044
0.983085, 0.18315

0.0, 0.0
0.493989, 0.234545
0.982987, 0.183673

0.0, 0.0
0.494936, 0.235046
0.982889, 0.184197

0.0, 0.0
0.495882, 0.235546
0.982791, 0.18472

0.0, 0.0
0.496828, 0.236046
0.982693, 0.185243

0.0, 0.0
0.497772, 0.236546
0.982594, 0.185766

0.0, 0.0
0.498716, 0.237045
0.982495, 0.186289

0.0, 0.0
0.499659, 0.237544
0.982396, 0.186812

0.0, 0.0
0.500601, 0.238042
0.982296, 0.187335

0.0, 0.0
0.501543, 0.23854
0.982196, 0.187858

0.0, 0.0
0.502483, 0.239038
0.982096, 0.188381

0.0, 0.0
0.503423, 0.239535
0.981996, 0.188903

0.0, 0.0
0.504362, 0.240032
0.981895, 0.189426

0.0, 0.0
0.5053, 0.240529
0.981794, 0.189949

0.0, 0.0
0.506237, 0.241025
0.981693, 0.190471

0.0, 0.0
0.507174, 0.241521
0.981591, 0.190994

0.0, 0.0
0.508109, 0.242016
0.981489, 0.191517

0.0, 0.0
0.509044, 0.242511
0.981387, 0.192039

0.0, 0.0
0.509979, 0.243006
0.981285, 0.192561

0.0, 0.0
0.510912, 0.2435
0.981182, 0.193084

0.0, 0.0
0.511845, 0.243994
0.981079, 0.193606

0.0, 0.0
0.512777, 0.244487
0.980976, 0.194128

0.0, 0.0
0.513708, 0.24498
0.980873, 0.19465

0.0, 0.0
0.514638, 0.245473
0.980769, 0.195173

0.0, 0.0
0.515567, 0.245965
0.980665, 0.195695

0.0, 0.0
0.516496, 0.246457
0.980561, 0.196217

0.0, 0.0
0.517424, 0.246949
0.980456, 0.196739

0.0, 0.0
0.518352, 0.24744
0.980351, 0.197261

0.0, 0.0
0.519278, 0.247931
0.980246, 0.197782

0.0, 0.0
0.520204, 0.248421
0.980141, 0.198304

0.0, 0.0
0.521129, 0.248911
0.980035, 0.198826

0.0, 0.0
0.522053, 0.249401
0.979929, 0.199348

0.0, 0.0
0.522977, 0.24989
0.979823, 0.199869

0.0, 0.0
0.5239, 0.250379
0.979716, 0.200391

0.0, 0.0
0.524822, 0.250868
0.979609, 0.200912

0.0, 0.0
0.525743, 0.251356
0.979502, 0.201434

0.0, 0.0
0.526664, 0.251844
0.979395, 0.201955

0.0, 0.0
0.527584, 0.252332
0.979287, 0.202477

0.0, 0.0
0.528503, 0.252819
0.979179, 0.202998

0.0, 0.0
0.529421, 0.253306
0.979071, 0.203519

0.0, 0.0
0.530339, 0.253793
0.978962, 0.20404

0.0, 0.0
0.531256, 0.254279
0.978854, 0.204561

0.0, 0.0
0.532172, 0.254765
0.978745, 0.205082

0.0, 0.0
0.533088, 0.25525
0.978635, 0.205603

0.0, 0.0
0.534003, 0.255735
0.978526, 0.206124

0.0, 0.0
0.534917, 0.25622
0.978416, 0.206645

0.0, 0.0
0.535831, 0.256704
0.978306, 0.207166

0.0, 0.0
0.536743, 0.257188
0.978195, 0.207687

0.0, 0.0
0.537655, 0.257672
0.978085, 0.208208

0.0, 0.0
0.538567, 0.258156
0.977974, 0.208728

0.0, 0.0
0.539478, 0.258639
0.977862, 0.209249

0.0, 0.0
0.540388, 0.259121
0.977751, 0.209769

0.0, 0.0
0.541297, 0.259604
0.977639, 0.21029

0.0, 0.0
0.542206, 0.260086
0.977527, 0.21081

0.0, 0.0
0.543113, 0.260567
0.977415, 0.21133

0.0, 0.0
0.544021, 0.261049
0.977302, 0.211851

0.0, 0.0
0.544927, 0.26153
0.977189, 0.212371

0.0, 0.0
0.545833, 0.262011
0.977076, 0.212891

0.0, 0.0
0.546739, 0.262491
0.976962, 0.213411

0.0, 0.0
0.547643, 0.262971
0.976849, 0.213931

0.0, 0.0
0.548547, 0.263451
0.976735, 0.214451

0.0, 0.0
0.54945, 0.26393
0.97662, 0.214971

0.0, 0.0
0.550353, 0.264409
0.976506, 0.215491

0.0, 0.0
0.551255, 0.264888
0.976391, 0.216011

0.0, 0.0
0.552156, 0.265366
0.976276, 0.216531

0.0, 0.0
0.553057, 0.265844
0.97616, 0.21705

0.0, 0.0
0.553957, 0.266322
0.976045, 0.21757

0.0, 0.0
0.554856, 0.266799
0.975929, 0.21809

0.0, 0.0
0.555755, 0.267276
0.975813, 0.218609

0.0, 0.0
0.556653, 0.267753
0.975696, 0.219128

0.0, 0.0
0.55755, 0.26823
0.975579, 0.219648

0.0, 0.0
0.558447, 0.268706
0.975462, 0.220167

0.0, 0.0
0.559343, 0.269181
0.975345, 0.220686

0.0, 0.0
0.560238, 0.269657
0.975227, 0.221206

0.0, 0.0
0.561133, 0.270132
0.975109, 0.221725

0.0, 0.0
0.562028, 0.270607
0.974991, 0.222244

0.0, 0.0
0.562921, 0.271081
0.974873, 0.222763

0.0, 0.0
0.563814, 0.271556
0.974754, 0.223282

0.0, 0.0
0.564706, 0.27203
0.974635, 0.223801

0.0, 0.0
0.565598, 0.272503
0.974516, 0.224319

0.0, 0.0
0.566489, 0.272976
0.974396, 0.224838

0.0, 0.0
0.56738, 0.273449
0.974276, 0.225357

0.0, 0.0
0.568269, 0.273922
0.974156, 0.225875

0.0, 0.0
0.569159, 0.274394
0.974036, 0.226394

0.0, 0.0
0.570047, 0.274867
0.973915, 0.226912

0.0, 0.0
0.570935, 0.275338
0.973794, 0.227431

0.0, 0.0
0.571823, 0.27581
0.973673, 0.227949

0.0, 0.0
0.572709, 0.276281
0.973552, 0.228467

0.0, 0.0
0.573596, 0.276752
0.97343, 0.228986

0.0, 0.0
0.574481, 0.277222
0.973308, 0.229504

0.0, 0.0
0.575366, 0.277692
0.973185, 0.230022

0.0, 0.0
0.576251, 0.278162
0.973063, 0.23054

0.0, 0.0
0.577134, 0.278632
0.97294, 0.231058

0.0, 0.0
0.578018, 0.279101
0.972817, 0.231576

0.0, 0.0
0.5789, 0.27957
0.972693, 0.232094

0.0, 0.0
0.579782, 0.280039
0.97257, 0.232611

0.0, 0.0
0.580664, 0.280507
0.972446, 0.233129

0.0, 0.0
0.581544, 0.280975
0.972322, 0.233647

0.0, 0.0
0.582425, 0.281443
0.972197, 0.234164

0.0, 0.0
0.583304, 0.281911
0.972072, 0.234682

0.0, 0.0
0.584183, 0.282378
0.971947, 0.235199

0.0, 0.0
0.585062, 0.282845
0.971822, 0.235717

0.0, 0.0
0.58594, 0.283312
0.971696, 0.236234

0.0, 0.0
0.586817, 0.283778
0.97157, 0.236751

0.0, 0.0
0.587694, 0.284244
0.971444, 0.237268

0.0, 0.0
0.58857, 0.28471
0.971318, 0.237786

0.0, 0.0
0.589446, 0.285175
0.971191, 0.238303

0.0, 0.0
0.590321, 0.285641
0.971064, 0.23882

0.0, 0.0
0.591196, 0.286106
0.970937, 0.239336

0.0, 0.0
0.59207, 0.28657
0.970809, 0.239853

0.0, 0.0
0.592943, 0.287035
0.970681, 0.24037

0.0, 0.0
0.593816, 0.287499
0.970553, 0.240887

0.0, 0.0
0.594688, 0.287962
0.970425, 0.241403

0.0, 0.0
0.59556, 0.288426
0.970296, 0.24192

0.0, 0.0
0.596431, 0.288889
0.970167, 0.242436

0.0, 0.0
0.597302, 0.289352
0.970038, 0.242953

0.0, 0.0
0.598172, 0.289815
0.969909, 0.243469

0.0, 0.0
0.599041, 0.290277
0.969779, 0.243985

0.0, 0.0
0.59991, 0.290739
0.969649, 0.244502

0.0, 0.0
0.600779, 0.291201
0.969519, 0.245018

0.0, 0.0
0.601647, 0.291663
0.969388, 0.245534

0.0, 0.0
0.602514, 0.292124
0.969257, 0.24605

0.0, 0.0
0.603381, 0.292585
0.969126, 0.246566

0.0, 0.0
0.604247, 0.293046
0.968995, 0.247082

0.0, 0.0
0.605113, 0.293506
0.968863, 0.247598

0.0, 0.0
0.605978, 0.293966
0.968731, 0.248113

0.0, 0.0
0.606843, 0.294426
0.968599, 0.248629

0.0, 0.0
0.607707, 0.294886
0.968466, 0.249145

0.0, 0.0
0.608571, 0.295345
0.968334, 0.24966

0.0, 0.0
0.609434, 0.295804
0.968201, 0.250175

0.0, 0.0
0.610296, 0.296263
0.968067, 0.250691

0.0, 0.0
0.611158, 0.296721
0.967934, 0.251206

0.0, 0.0
0.61202, 0.29718
0.9678, 0.251721

0.0, 0.0
0.612881, 0.297638
0.967666, 0.252237

0.0, 0.0
0.613741, 0.298095
0.967531, 0.252752

0.0, 0.0
0.614601, 0.298553
0.967397, 0.253267

0.0, 0.0
0.615461, 0.29901
0.967262, 0.253782

0.0, 0.0
0.61632, 0.299467
0.967126, 0.254296

0.0, 0.0
0.617178, 0.299924
0.966991, 0.254811

0.0, 0.0
0.618036, 0.30038
0.966855, 0.255326

0.0, 0.0
0.618894, 0.300836
0.966719, 0.255841

0.0, 0.0
0.619751, 0.301292
0.966583, 0.256355

0.0, 0.0
0.620607, 0.301748
0.966446, 0.25687

0.0, 0.0
0.621463, 0.302203
0.966309, 0.257384

0.0, 0.0
0.622318, 0.302658
0.966172, 0.257899

0.0, 0.0
0.623173, 0.303113
0.966035, 0.258413

0.0, 0.0
0.624028, 0.303568
0.965897, 0.258927

0.0, 0.0
0.624882, 0.304022
0.965759, 0.259441

0.0, 0.0
0.625735, 0.304476
0.965621, 0.259955

0.0, 0.0
0.626588, 0.30493
0.965482, 0.260469

0.0, 0.0
0.627441, 0.305383
0.965343, 0.260983

0.0, 0.0
0.628293, 0.305837
0.965204, 0.261497

0.0, 0.0
0.629144, 0.30629
0.965065, 0.262011

0.0, 0.0
0.629995, 0.306742
0.964925, 0.262525

0.0, 0.0
0.630846, 0.307195
0.964785, 0.263038

0.0, 0.0
0.631696, 0.307647
0.964645, 0.263552

0.0, 0.0
0.632545, 0.308099
0.964505, 0.264065

0.0, 0.0
0.633394, 0.308551
0.964364, 0.264579

0.0, 0.0
0.634243, 0.309002
0.964223, 0.265092

0.0, 0.0
0.635091, 0.309454
0.964082, 0.265605

0.0, 0.0
0.635939, 0.309905
0.96394, 0.266118

0.0, 0.0
0.636786, 0.310355
0.963799, 0.266632

0.0, 0.0
0.637633, 0.310806
0.963656, 0.267145

0.0, 0.0
0.638479, 0.311256
0.963514, 0.267658

0.0, 0.0
0.639325, 0.311706
0.963371, 0.26817

0.0, 0.0
0.64017, 0.312156
0.963229, 0.268683

0.0, 0.0
0.641015, 0.312606
0.963085, 0.269196

0.0, 0.0
0.641859, 0.313055
0.962942, 0.269709

0.0, 0.0
0.642703, 0.313504
0.962798, 0.270221

0.0, 0.0
0.643547, 0.313953
0.962654, 0.270734

0.0, 0.0
0.64439, 0.314401
0.96251, 0.271246

0.0, 0.0
0.645232, 0.314849
0.962365, 0.271758

0.0, 0.0
0.646074, 0.315298
0.962221, 0.272271

0.0, 0.0
0.646916, 0.315745
0.962076, 0.272783

0.0, 0.0
0.647757, 0.316193
0.96193, 0.273295

0.0, 0.0
0.648598, 0.31664
0.961785, 0.273807

0.0, 0.0
0.649438, 0.317087
0.961639, 0.274319

0.0, 0.0
0.650278, 0.317534
0.961493, 0.274831

0.0, 0.0
0.651117, 0.317981
0.961346, 0.275343

0.0, 0.0
0.651956, 0.318427
0.961199, 0.275854

0.0, 0.0
0.652795, 0.318873
0.961052, 0.276366

0.0, 0.0
0.653633, 0.319319
0.960905, 0.276878

0.0, 0.0
0.65447, 0.319765
0.960758, 0.277389

0.0, 0.0
0.655307, 0.32021
0.96061, 0.277901

0.0, 0.0
0.656144, 0.320655
0.960462, 0.278412

0.0, 0.0
0.65698, 0.3211
0.960313, 0.278923

0.0, 0.0
0.657816, 0.321545
0.960165, 0.279434

0.0, 0.0
0.658652, 0.32199
0.960016, 0.279945

0.0, 0.0
0.659487, 0.322434
0.959867, 0.280456

0.0, 0.0
0.660321, 0.322878
0.959717, 0.280967

0.0, 0.0
0.661155, 0.323322
0.959568, 0.281478

0.0, 0.0
0.661989, 0.323765
0.959418, 0.281989

0.0, 0.0
0.662822, 0.324208
0.959267, 0.2825

0.0, 0.0
0.663655, 0.324651
0.959117, 0.28301

0.0, 0.0
0.664488, 0.325094
0.958966, 0.283521

0.0, 0.0
0.66532, 0.325537
0.958815, 0.284031

0.0, 0.0
0.666151, 0.325979
0.958664, 0.284542

0.0, 0.0
0.666982, 0.326421
0.958512, 0.285052

0.0, 0.0
0.667813, 0.326863
0.95836, 0.285562

0.0, 0.0
0.668643, 0.327305
0.958208, 0.286072

0.0, 0.0
0.669473, 0.327747
0.958056, 0.286582

0.0, 0.0
0.670303, 0.328188
0.957903, 0.287092

0.0, 0.0
0.671132, 0.328629
0.95775, 0.287602

0.0, 0.0
0.671961, 0.32907
0.957597, 0.288112

0.0, 0.0
0.672789, 0.32951
0.957443, 0.288622

0.0, 0.0
0.673617, 0.32995
0.957289, 0.289131

0.0, 0.0
0.674444, 0.330391
0.957135, 0.289641

0.0, 0.0
0.675271, 0.33083
0.956981, 0.29015

0.0, 0.0
0.676098, 0.33127
0.956826, 0.29066

0.0, 0.0
0.676924, 0.331709
0.956672, 0.291169

0.0, 0.0
0.67775, 0.332149
0.956516, 0.291678

0.0, 0.0
0.678576, 0.332588
0.956361, 0.292188

0.0, 0.0
0.679401, 0.333026
0.956205, 0.292697

0.0, 0.0
0.680225, 0.333465
0.956049, 0.293206

0.0, 0.0
0.68105, 0.333903
0.955893, 0.293714

0.0, 0.0
0.681873, 0.334341
0.955737, 0.294223

0.0, 0.0
0.682697, 0.334779
0.95558, 0.294732

0.0, 0.0
0.68352, 0.335217
0.955423, 0.295241

0.0, 0.0
0.684343, 0.335654
0.955266, 0.295749

0.0, 0.0
0.685165, 0.336092
0.955108, 0.296258

0.0, 0.0
0.685987, 0.336529
0.95495, 0.296766

0.0, 0.0
0.686808, 0.336965
0.954792, 0.297274

0.0, 0.0
0.68763, 0.337402
0.954634, 0.297783

0.0, 0.0
0.68845, 0.337838
0.954475, 0.298291

0.0, 0.0
0.689271, 0.338274
0.954316, 0.298799

0.0, 0.0
0.690091, 0.33871
0.954157, 0.299307

0.0, 0.0
0.69091, 0.339146
0.953997, 0.299815

0.0, 0.0
0.69173, 0.339581
0.953838, 0.300323

0.0, 0.0
0.692548, 0.340017
0.953678, 0.30083

0.0, 0.0
0.693367, 0.340452
0.953517, 0.301338

0.0, 0.0
0.694185, 0.340887
0.953357, 0.301845

0.0, 0.0
0.695003, 0.341321
0.953196, 0.302353

0.0, 0.0
0.69582, 0.341756
0.953035, 0.30286

0.0, 0.0
0.696637, 0.34219
0.952874, 0.303368

0.0, 0.0
0.697454, 0.342624
0.952712, 0.303875

0.0, 0.0
0.69827, 0.343058
0.95255, 0.304382

0.0, 0.0
0.699086, 0.343491
0.952388, 0.304889

0.0, 0.0
0.699902, 0.343924
0.952225, 0.305396

0.0, 0.0
0.700717, 0.344358
0.952063, 0.305903

0.0, 0.0
0.701532, 0.344791
0.9519, 0.30641

0.0, 0.0
0.702346, 0.345223
0.951737, 0.306916

0.0, 0.0
0.70316, 0.345656
0.951573, 0.307423

0.0, 0.0
0.703974, 0.346088
0.951409, 0.307929

0.0, 0.0
0.704788, 0.34652
0.951245, 0.308436

0.0, 0.0
0.705601, 0.346952
0.951081, 0.308942

0.0, 0.0
0.706413, 0.347384
0.950916, 0.309448

0.0, 0.0
0.707226, 0.347815
0.950751, 0.309955

0.0, 0.0
0.708038, 0.348246
0.950586, 0.310461

0.0, 0.0
0.708849, 0.348677
0.950421, 0.310967

0.0, 0.0
0.709661, 0.349108
0.950255, 0.311473

0.0, 0.0
0.710472, 0.349539
0.950089, 0.311978

0.0, 0.0
0.711282, 0.349969
0.949923, 0.312484

0.0, 0.0
0.712092, 0.350399
0.949757, 0.31299

0.0, 0.0
0.712902, 0.350829
0.94959, 0.313495

0.0, 0.0
0.713712, 0.351259
0.949423, 0.314001

0.0, 0.0
0.714521, 0.351689
0.949255, 0.314506

0.0, 0.0
0.71533, 0.352118
0.949088, 0.315011

0.0, 0.0
0.716139, 0.352547
0.94892, 0.315517

0.0, 0.0
0.716947, 0.352976
0.948752, 0.316022

0.0, 0.0
0.717755, 0.353405
0.948584, 0.316527

0.0, 0.0
0.718563, 0.353834
0.948415, 0.317032

0.0, 0.0
0.71937, 0.354262
0.948246, 0.317536

0.0, 0.0
0.720177, 0.35469
0.948077, 0.318041

0.0, 0.0
0.720983, 0.355118
0.947907, 0.318546

0.0, 0.0
0.72179, 0.355546
0.947738, 0.31905

0.0, 0.0
0.722596, 0.355974
0.947568, 0.319555

0.0, 0.0
0.723401, 0.356401
0.947398, 0.320059

0.0, 0.0
0.724207, 0.356828
0.947227, 0.320564

0.0, 0.0
0.725012, 0.357255
0.947056, 0.321068

0.0, 0.0
0.725816, 0.357682
0.946885, 0.321572

0.0, 0.0
0.726621, 0.358108
0.946714, 0.322076

0.0, 0.0
0.727425, 0.358535
0.946542, 0.32258

0.0, 0.0
0.728228, 0.358961
0.94637, 0.323084

0.0, 0.0
0.729032, 0.359387
0.946198, 0.323587

0.0, 0.0
0.729835, 0.359813
0.946026, 0.324091

0.0, 0.0
0.730638, 0.360238
0.945853, 0.324595

0.0, 0.0
0.73144, 0.360663
0.94568, 0.325098

0.0, 0.0
0.732242, 0.361089
0.945507, 0.325601

0.0, 0.0
0.733044, 0.361514
0.945334, 0.326105

0.0, 0.0
0.733846, 0.361938
0.94516, 0.326608

0.0, 0.0
0.734647, 0.362363
0.944986, 0.327111

0.0, 0.0
0.735448, 0.362787
0.944812, 0.327614

0.0, 0.0
0.736249, 0.363211
0.944637, 0.328117

0.0, 0.0
0.737049, 0.363635
0.944462, 0.32862

0.0, 0.0
0.737849, 0.364059
0.944287, 0.329123

0.0, 0.0
0.738649, 0.364483
0.944112, 0.329625

0.0, 0.0
0.739449, 0.364906
0.943936, 0.330128

0.0, 0.0
0.740248, 0.365329
0.94376, 0.33063

0.0, 0.0
0.741047, 0.365752
0.943584, 0.331133

0.0, 0.0
0.741845, 0.366175
0.943408, 0.331635

0.0, 0.0
0.742644, 0.366598
0.943231, 0.332137

0.0, 0.0
0.743442, 0.36702
0.943054, 0.332639

0.0, 0.0
0.74424, 0.367442
0.942877, 0.333141

0.0, 0.0
0.745037, 0.367864
0.9427, 0.333643

0.0, 0.0
0.745834, 0.368286
0.942522, 0.334145

0.0, 0.0
0.746631, 0.368708
0.942344, 0.334646

0.0, 0.0
0.747428, 0.369129
0.942166, 0.335148

0.0, 0.0
0.748224, 0.36955
0.941987, 0.335649

0.0, 0.0
0.74902, 0.369971
0.941808, 0.336151

0.0, 0.0
0.749816, 0.370392
0.941629, 0.336652

0.0, 0.0
0.750612, 0.370813
0.94145, 0.337153

0.0, 0.0
0.751407, 0.371233
0.94127, 0.337655

0.0, 0.0
0.752202, 0.371654
0.94109, 0.338156

0.0, 0.0
0.752997, 0.372074
0.94091, 0.338657

0.0, 0.0
0.753791, 0.372494
0.94073, 0.339157

0.0, 0.0
0.754586, 0.372913
0.940549, 0.339658

0.0, 0.0
0.75538, 0.373333
0.940368, 0.340159

0.0, 0.0
0.756173, 0.373752
0.940187, 0.340659

0.0, 0.0
0.756967, 0.374171
0.940005, 0.34116

0.0, 0.0
0.75776, 0.37459
0.939824, 0.34166

0.0, 0.0
0.758553, 0.375009
0.939642, 0.34216

0.0, 0.0
0.759346, 0.375427
0.939459, 0.34266

0.0, 0.0
0.760138, 0.375846
0.939277, 0.343161

0.0, 0.0
0.76093, 0.376264
0.939094, 0.343661

0.0, 0.0
0.761722, 0.376682
0.938911, 0.34416

0.0, 0.0
0.762514, 0.3771
0.938728, 0.34466

0.0, 0.0
0.763306, 0.377517
0.938544, 0.34516

0.0, 0.0
0.764097, 0.377935
0.93836, 0.345659

0.0, 0.0
0.764888, 0.378352
0.938176, 0.346159

0.0, 0.0
0.765679, 0.378769
0.937991, 0.346658

0.0, 0.0
0.766469, 0.379186
0.937807, 0.347158

0.0, 0.0
0.767259, 0.379602
0.937622, 0.347657

0.0, 0.0
0.76805, 0.380019
0.937437, 0.348156

0.0, 0.0
0.768839, 0.380435
0.937251, 0.348655

0.0, 0.0
0.769629, 0.380851
0.937065, 0.349154

0.0, 0.0
0.770418, 0.381267
0.936879, 0.349652

0.0, 0.0
0.771208, 0.381683
0.936693, 0.350151

0.0, 0.0
0.771996, 0.382098
0.936507, 0.35065

0.0, 0.0
0.772785, 0.382513
0.93632, 0.351148

0.0, 0.0
0.773574, 0.382928
0.936133, 0.351647

0.0, 0.0
0.774362, 0.383343
0.935945, 0.352145

0.0, 0.0
0.77515, 0.383758
0.935758, 0.352643

0.0, 0.0
0.775938, 0.384173
0.93557, 0.353141

0.0, 0.0
0.776726, 0.384587
0.935382, 0.353639

0.0, 0.0
0.777513, 0.385001
0.935194, 0.354137

0.0, 0.0
0.7783, 0.385415
0.935005, 0.354635

0.0, 0.0
0.779088, 0.385829
0.934816, 0.355133

0.0, 0.0
0.779874, 0.386242
0.934627, 0.35563

0.0, 0.0
0.780661, 0.386656
0.934437, 0.356128

0.0, 0.0
0.781448, 0.387069
0.934248, 0.356625

0.0, 0.0
0.782234, 0.387482
0.934058, 0.357122

0.0, 0.0
0.78302, 0.387895
0.933867, 0.35762

0.0, 0.0
0.783806, 0.388307
0.933677, 0.358117

0.0, 0.0
0.784592, 0.38872
0.933486, 0.358614

0.0, 0.0
0.785377, 0.389132
0.933295, 0.35911

0.0, 0.0
0.786163, 0.389544
0.933104, 0.359607

0.0, 0.0
0.786948, 0.389956
0.932912, 0.360104

0.0, 0.0
0.787733, 0.390367
0.93272, 0.3606

0.0, 0.0
0.788518, 0.390779
0.932528, 0.361097

0.0, 0.0
0.789302, 0.39119
0.932336, 0.361593

0.0, 0.0
0.790087, 0.391601
0.932143, 0.36209

0.0, 0.0
0.790871, 0.392012
0.93195, 0.362586

0.0, 0.0
0.791655, 0.392423
0.931757, 0.363082

0.0, 0.0
0.792439, 0.392833
0.931564, 0.363578

0.0, 0.0
0.793223, 0.393244
0.93137, 0.364074

0.0, 0.0
0.794007, 0.393654
0.931176, 0.364569

0.0, 0.0
0.794791, 0.394064
0.930982, 0.365065

0.0, 0.0
0.795574, 0.394473
0.930788, 0.365561

0.0, 0.0
0.796357, 0.394883
0.930593, 0.366056

0.0, 0.0
0.79714, 0.395292
0.930398, 0.366551

0.0, 0.0
0.797923, 0.395701
0.930203, 0.367047

0.0, 0.0
0.798706, 0.39611
0.930007, 0.367542

0.0, 0.0
0.799489, 0.396519
0.929811, 0.368037

0.0, 0.0
0.800272, 0.396927
0.929615, 0.368532

0.0, 0.0
0.801054, 0.397336
0.929419, 0.369027

0.0, 0.0
0.801837, 0.397744
0.929222, 0.369521

0.0, 0.0
0.802619, 0.398152
0.929025, 0.370016

0.0, 0.0
0.803401, 0.398559
0.928828, 0.37051

0.0, 0.0
0.804183, 0.398967
0.928631, 0.371005

0.0, 0.0
0.804965, 0.399374
0.928433, 0.371499

0.0, 0.0
0.805747, 0.399781
0.928235, 0.371993

0.0, 0.0
0.806529, 0.400188
0.928037, 0.372487

0.0, 0.0
0.80731, 0.400595
0.927839, 0.372981

0.0, 0.0
0.808092, 0.401002
0.92764, 0.373475

0.0, 0.0
0.808873, 0.401408
0.927441, 0.373969

0.0, 0.0
0.809655, 0.401814
0.927242, 0.374463

0.0, 0.0
0.810436, 0.40222
0.927043, 0.374956

0.0, 0.0
0.811217, 0.402626
0.926843, 0.37545

0.0, 0.0
0.811999, 0.403031
0.926643, 0.375943

0.0, 0.0
0.81278, 0.403436
0.926443, 0.376436

0.0, 0.0
0.813561, 0.403841
0.926242, 0.376929

0.0, 0.0
0.814342, 0.404246
0.926041, 0.377422

0.0, 0.0
0.815123, 0.404651
0.92584, 0.377915

0.0, 0.0
0.815904, 0.405055
0.925639, 0.378408

0.0, 0.0
0.816685, 0.40546
0.925437, 0.378901

0.0, 0.0
0.817465, 0.405864
0.925235, 0.379393

0.0, 0.0
0.818246, 0.406267
0.925033, 0.379886

0.0, 0.0
0.819027, 0.406671
0.924831, 0.380378

0.0, 0.0
0.819808, 0.407074
0.924628, 0.38087

0.0, 0.0
0.820588, 0.407477
0.924426, 0.381363

0.0, 0.0
0.821369, 0.40788
0.924222, 0.381855

0.0, 0.0
0.82215, 0.408283
0.924019, 0.382347

0.0, 0.0
0.822931, 0.408685
0.923815, 0.382838

0.0, 0.0
0.823711, 0.409088
0.923611, 0.38333

0.0, 0.0
0.824492, 0.40949
0.923407, 0.383822

0.0, 0.0
0.825273, 0.409891
0.923203, 0.384313

0.0, 0.0
0.826054, 0.410293
0.922998, 0.384805

0.0, 0.0
0.826835, 0.410694
0.922793, 0.385296

0.0, 0.0
0.827616, 0.411095
0.922588, 0.385787

0.0, 0.0
0.828397, 0.411496
0.922382, 0.386278

0.0, 0.0
0.829178, 0.411897
0.922177, 0.386769

0.0, 0.0
0.829959, 0.412297
0.92197, 0.38726

0.0, 0.0
0.83074, 0.412697
0.921764, 0.387751

0.0, 0.0
0.831521, 0.413097
0.921558, 0.388242

0.0, 0.0
0.832302, 0.413497
0.921351, 0.388732

0.0, 0.0
0.833084, 0.413896
0.921144, 0.389222

0.0, 0.0
0.833865, 0.414295
0.920936, 0.389713

0.0, 0.0
0.834647, 0.414694
0.920729, 0.390203

0.0, 0.0
0.835429, 0.415092
0.920521, 0.390693

0.0, 0.0
0.836211, 0.415491
0.920313, 0.391183

0.0, 0.0
0.836993, 0.415889
0.920105, 0.391673

0.0, 0.0
0.837775, 0.416287
0.919896, 0.392163

0.0, 0.0
0.838557, 0.416684
0.919687, 0.392652

0.0, 0.0
0.83934, 0.417081
0.919478, 0.393142

0.0, 0.0
0.840123, 0.417478
0.919268, 0.393631

0.0, 0.0
0.840906, 0.417875
0.919059, 0.394121

0.0, 0.0
0.841689, 0.418271
0.918849, 0.39461

0.0, 0.0
0.842472, 0.418667
0.918639, 0.395099

0.0, 0.0
0.843256, 0.419063
0.918428, 0.395588

0.0, 0.0
0.84404, 0.419458
0.918217, 0.396077

0.0, 0.0
0.844824, 0.419854
0.918006, 0.396565

0.0, 0.0
0.845608, 0.420248
0.917795, 0.397054

0.0, 0.0
0.846393, 0.420643
0.917584, 0.397543

0.0, 0.0
0.847178, 0.421037
0.917372, 0.398031

0.0, 0.0
0.847963, 0.421431
0.91716, 0.398519

0.0, 0.0
0.848749, 0.421824
0.916948, 0.399007

0.0, 0.0
0.849535, 0.422218
0.916735, 0.399496

0.0, 0.0
0.850321, 0.42261
0.916522, 0.399983

0.0, 0.0
0.851108, 0.423003
0.916309, 0.400471

0.0, 0.0
0.851895, 0.423395
0.916096, 0.400959

0.0, 0.0
0.852682, 0.423786
0.915882, 0.401447

0.0, 0.0
0.853471, 0.424178
0.915669, 0.401934

0.0, 0.0
0.854259, 0.424568
0.915454, 0.402422

0.0, 0.0
0.855048, 0.424959
0.91524, 0.402909

0.0, 0.0
0.855838, 0.425349
0.915025, 0.403396

0.0, 0.0
0.856628, 0.425738
0.914811, 0.403883

0.0, 0.0
0.857418, 0.426128
0.914595, 0.40437

0.0, 0.0
0.858209, 0.426516
0.91438, 0.404857

0.0, 0.0
0.859001, 0.426904
0.914164, 0.405344

0.0, 0.0
0.859794, 0.427292
0.913949, 0.40583

0.0, 0.0
0.860587, 0.427679
0.913732, 0.406317

0.0, 0.0
0.861381, 0.428066
0.913516, 0.406803

0.0, 0.0
0.862175, 0.428452
0.913299, 0.407289

0.0, 0.0
0.86297, 0.428838
0.913082, 0.407775

0.0, 0.0
0.863767, 0.429222
0.912865, 0.408261

0.0, 0.0
0.864564, 0.429607
0.912648, 0.408747

0.0, 0.0
0.865361, 0.429991
0.91243, 0.409233

0.0, 0.0
0.86616, 0.430374
0.912212, 0.409719

0.0, 0.0
0.86696, 0.430756
0.911994, 0.410204

0.0, 0.0
0.867761, 0.431138
0.911775, 0.41069

0.0, 0.0
0.868563, 0.431518
0.911556, 0.411175

0.0, 0.0
0.869366, 0.431899
0.911337, 0.41166

0.0, 0.0
0.87017, 0.432278
0.911118, 0.412145

0.0, 0.0
0.870975, 0.432656
0.910899, 0.41263

0.0, 0.0
0.871782, 0.433034
0.910679, 0.413115

0.0, 0.0
0.87259, 0.43341
0.910459, 0.4136

0.0, 0.0
0.873399, 0.433786
0.910238, 0.414084

0.0, 0.0
0.87421, 0.43416
0.910018, 0.414569

0.0, 0.0
0.875022, 0.434534
0.909797, 0.415053

0.0, 0.0
0.875836, 0.434906
0.909576, 0.415538

0.0, 0.0
0.876652, 0.435277
0.909355, 0.416022

0.0, 0.0
0.87747, 0.435646
0.909133, 0.416506

0.0, 0.0
0.878289, 0.436014
0.908911, 0.41699

0.0, 0.0
0.879111, 0.436381
0.908689, 0.417473

0.0, 0.0
0.879934, 0.436746
0.908467, 0.417957

0.0, 0.0
0.88076, 0.437109
0.908244, 0.418441

0.0, 0.0
0.881588, 0.43747
0.908021, 0.418924

0.0, 0.0
0.882418, 0.43783
0.907798, 0.419407

0.0, 0.0
0.883252, 0.438187
0.907575, 0.419891

0.0, 0.0
0.884087, 0.438541
0.907351, 0.420374

0.0, 0.0
0.884926, 0.438893
0.907127, 0.420857

0.0, 0.0
0.885768, 0.439243
0.906903, 0.421339

0.0, 0.0
0.886613, 0.439589
0.906679, 0.421822

0.0, 0.0
0.887461, 0.439932
0.906454, 0.422305

0.0, 0.0
0.888313, 0.440271
0.906229, 0.422787

0.0, 0.0
0.889168, 0.440607
0.906004, 0.42327

0.0, 0.0
0.890027, 0.440938
0.905778, 0.423752

0.0, 0.0
0.890891, 0.441264
0.905553, 0.424234

0.0, 0.0
0.891758, 0.441585
0.905327, 0.424716

0.0, 0.0
0.89263, 0.4419
0.9051, 0.425198

0.0, 0.0
0.893507, 0.442208
0.904874, 0.42568

0.0, 0.0
0.894388, 0.44251
0.904647, 0.426161

0.0, 0.0
0.895273, 0.442803
0.90442, 0.426643

0.0, 0.0
0.896164, 0.443088
0.904193, 0.427124

0.0, 0.0
0.897059, 0.443362
0.903965, 0.427605

0.0, 0.0
0.897958, 0.443626
0.903738, 0.428087

0.0, 0.0
0.898861, 0.443878
0.90351, 0.428568

0.0, 0.0
0.899769, 0.444117
0.903281, 0.429049

0.0, 0.0
0.900679, 0.444342
0.903053, 0.429529

0.0, 0.0
0.901591, 0.444552
0.902824, 0.43001

0.0, 0.0
0.902504, 0.444745
0.902595, 0.430491

0.0, 0.0
0.903418, 0.444921
0.902366, 0.430971

0.0, 0.0
0.904329, 0.44508
0.902136, 0.431451

0.0, 0.0
0.905238, 0.44522
0.901906, 0.431932

0.0, 0.0
0.906142, 0.445343
0.901676, 0.432412

0.0, 0.0
0.907039, 0.445448
0.901446, 0.432892

0.0, 0.0
0.907929, 0.445536
0.901215, 0.433371

0.0, 0.0
0.90881, 0.445609
0.900985, 0.433851

0.0, 0.0
0.909681, 0.445667
0.900754, 0.434331

0.0, 0.0
0.910542, 0.445712
0.900522, 0.43481

0.0, 0.0
0.911392, 0.445745
0.900291, 0.435289

0.0, 0.0
0.912231, 0.445768
0.900059, 0.435769

0.0, 0.0
0.913059, 0.445782
0.899827, 0.436248

0.0, 0.0
0.913876, 0.445788
0.899594, 0.436727

0.0, 0.0
0.914683, 0.445788
0.899362, 0.437205

0.0, 0.0
0.915479, 0.445782
0.899129, 0.437684

0.0, 0.0
0.916266, 0.445771
0.898896, 0.438163

0.0, 0.0
0.917044, 0.445756
0.898662, 0.438641

0.0, 0.0
0.917814, 0.445738
0.898429, 0.439119

0.0, 0.0
0.918575, 0.445718
0.898195, 0.439598

0.0, 0.0
0.919329, 0.445694
0.897961, 0.440076

0.0, 0.0
0.920076, 0.445669
0.897726, 0.440554

0.0, 0.0
0.920817, 0.445643
0.897492, 0.441032

0.0, 0.0
0.921551, 0.445615
0.897257, 0.441509

0.0, 0.0
0.922279, 0.445586
0.897022, 0.441987

0.0, 0.0
0.923001, 0.445556
0.896786, 0.442464

0.0, 0.0
0.923719, 0.445525
0.89655, 0.442942

0.0, 0.0
0.924432, 0.445494
0.896315, 0.443419

0.0, 0.0
0.92514, 0.445463
0.896078, 0.443896

0.0, 0.0
0.925843, 0.445431
0.895842, 0.444373

0.0, 0.0
0.926543, 0.445399
0.895605, 0.44485

0.0, 0.0
0.927239, 0.445366
0.895368, 0.445326

0.0, 0.0
0.927931, 0.445334
0.895131, 0.445803

0.0, 0.0
0.92862, 0.445301
0.894894, 0.446279

0.0, 0.0
0.929305, 0.445269
0.894656, 0.446756

0.0, 0.0
0.929988, 0.445236
0.894418, 0.447232

0.0, 0.0
0.930667, 0.445204
0.89418, 0.447708

0.0, 0.0
0.931344, 0.445171
0.893941, 0.448184

0.0, 0.0
0.932018, 0.445139
0.893703, 0.44866

0.0, 0.0
0.932689, 0.445107
0.893464, 0.449135

0.0, 0.0
0.933358, 0.445074
0.893224, 0.449611

0.0, 0.0
0.934025, 0.445042
0.892985, 0.450086

0.0, 0.0
0.934689, 0.445011
0.892745, 0.450562

0.0, 0.0
0.935351, 0.444979
0.892505, 0.451037

0.0, 0.0
0.936011, 0.444947
0.892265, 0.451512

0.0, 0.0
0.93667, 0.444916
0.892025, 0.451987

0.0, 0.0
0.937326, 0.444884
0.891784, 0.452462

0.0, 0.0
0.93798, 0.444853
0.891543, 0.452936

0.0, 0.0
0.938633, 0.444822
0.891302, 0.453411

0.0, 0.0
0.939284, 0.444791
0.89106, 0.453885

0.0, 0.0
0.939933, 0.444761
0.890818, 0.45436

0.0, 0.0
0.940581, 0.44473
0.890576, 0.454834

0.0, 0.0
0.941227, 0.4447
0.890334, 0.455308

0.0, 0.0
0.941872, 0.44467
0.890092, 0.455782

0.0, 0.0
0.942515, 0.44464
0.889849, 0.456255

0.0, 0.0
0.943157, 0.44461
0.889606, 0.456729

0.0, 0.0
0.943797, 0.44458
0.889363, 0.457203

0.0, 0.0
0.944437, 0.44455
0.889119, 0.457676

0.0, 0.0
0.945075, 0.444521
0.888875, 0.458149

0.0, 0.0
0.945711, 0.444491
0.888631, 0.458622

0.0, 0.0
0.946347, 0.444462
0.888387, 0.459095

0.0, 0.0
0.946981, 0.444433
0.888142, 0.459568

0.0, 0.0
0.947614, 0.444404
0.887898, 0.460041

0.0, 0.0
0.948246, 0.444375
0.887653, 0.460514

0.0, 0.0
0.948877, 0.444346
0.887407, 0.460986

0.0, 0.0
0.949507, 0.444318
0.887162, 0.461458

0.0, 0.0
0.950136, 0.444289
0.886916, 0.461931

0.0, 0.0
0.950764, 0.444261
0.88667, 0.462403

0.0, 0.0
0.951391, 0.444232
0.886424, 0.462875

0.0, 0.0
0.952017, 0.444204
0.886177, 0.463346

0.0, 0.0
0.952642, 0.444176
0.88593, 0.463818

0.0, 0.0
0.953266, 0.444148
0.885683, 0.46429

0.0, 0.0
0.953889, 0.44412
0.885436, 0.464761

0.0, 0.0
0.954512, 0.444092
0.885189, 0.465232

0.0, 0.0
0.955133, 0.444064
0.884941, 0.465703

0.0, 0.0
0.955754, 0.444037
0.884693, 0.466175

0.0, 0.0
0.956374, 0.444009
0.884444, 0.466645

0.0, 0.0
0.956993, 0.443981
0.884196, 0.467116

0.0, 0.0
0.957611, 0.443954
0.883947, 0.467587

0.0, 0.0
0.958229, 0.443927
0.883698, 0.468057

0.0, 0.0
0.958845, 0.443899
0.883449, 0.468528

0.0, 0.0
0.959461, 0.443872
0.883199, 0.468998

0.0, 0.0
0.960076, 0.443845
0.88295, 0.469468

0.0, 0.0
0.960691, 0.443818
0.882699, 0.469938

0.0, 0.0
0.961305, 0.443791
0.882449, 0.470408

0.0, 0.0
0.961918, 0.443764
0.882199, 0.470877

0.0, 0.0
0.96253, 0.443737
0.881948, 0.471347

0.0, 0.0
0.963142, 0.44371
0.881697, 0.471816

0.0, 0.0
0.963753, 0.443683
0.881446, 0.472286

0.0, 0.0
0.964363, 0.443656
0.881194, 0.472755

0.0, 0.0
0.964973, 0.443629
0.880942, 0.473224

0.0, 0.0
0.965582, 0.443602
0.88069, 0.473693

0.0, 0.0
0.966191, 0.443576
0.880438, 0.474162

0.0, 0.0
0.966798, 0.443549
0.880185, 0.47463

0.0, 0.0
0.967406, 0.443522
0.879933, 0.475099

0.0, 0.0
0.968012, 0.443496
0.879679, 0.475567

0.0, 0.0
0.968618, 0.443469
0.879426, 0.476035

0.0, 0.0
0.969224, 0.443443
0.879173, 0.476503

0.0, 0.0
0.969829, 0.443416
0.878919, 0.476971

0.0, 0.0
0.970433, 0.44339
0.878665, 0.477439

0.0, 0.0
0.971037, 0.443363
0.878411, 0.477907

0.0, 0.0
0.97164, 0.443337
0.878156, 0.478374

0.0, 0.0
0.972243, 0.44331
0.877901, 0.478842

0.0, 0.0
0.972845, 0.443284
0.877646, 0.479309

0.0, 0.0
0.973446, 0.443257
0.877391, 0.479776

0.0, 0.0
0.974047, 0.443231
0.877135, 0.480243

0.0, 0.0
0.974648, 0.443205
0.87688, 0.48071

0.0, 0.0
0.975248, 0.443178
0.876624, 0.481177

0.0, 0.0
0.975848, 0.443152
0.876367, 0.481643

0.0, 0.0
0.976447, 0.443126
0.876111, 0.48211

0.0, 0.0
0.977045, 0.443099
0.875854, 0.482576

0.0, 0.0
0.977643, 0.443073
0.875597, 0.483042

0.0, 0.0
0.978241, 0.443047
0.87534, 0.483508

0.0, 0.0
0.978838, 0.44302
0.875082, 0.483974

0.0, 0.0
0.979434, 0.442994
0.874824, 0.48444

0.0, 0.0
0.98003, 0.442968
0.874566, 0.484906

0.0, 0.0
0.980626, 0.442941
0.874308, 0.485371

0.0, 0.0
0.981221, 0.442915
0.87405, 0.485837

0.0, 0.0
0.981816, 0.442889
0.873791, 0.486302

0.0, 0.0
0.98241, 0.442862
0.873532, 0.486767

0.0, 0.0
0.983004, 0.442836
0.873273, 0.487232

0.0, 0.0
0.983597, 0.44281
0.873013, 0.487697

0.0, 0.0
0.98419, 0.442783
0.872753, 0.488161

0.0, 0.0
0.984782, 0.442757
0.872493, 0.488626

0.0, 0.0
0.985374, 0.442731
0.872233, 0.48909

0.0, 0.0
0.985966, 0.442704
0.871973, 0.489554

0.0, 0.0
0.986557, 0.442678
0.871712, 0.490019

0.0, 0.0
0.987148, 0.442651
0.871451, 0.490483

0.0, 0.0
0.987738, 0.442625
0.87119, 0.490946

0.0, 0.0
0.988328, 0.442599
0.870928, 0.49141

0.0, 0.0
0.988917, 0.442572
0.870667, 0.491874

0.0, 0.0
0.989506, 0.442546
0.870405, 0.492337

0.0, 0.0
0.990095, 0.442519
0.870142, 0.4928

0.0, 0.0
0.990683, 0.442493
0.86988, 0.493264

0.0, 0.0
0.991271, 0.442466
0.869617, 0.493727

0.0, 0.0
0.991858, 0.44244
0.869354, 0.494189

0.0, 0.0
0.992445, 0.442413
0.869091, 0.494652

0.0, 0.0
0.993032, 0.442386
0.868828, 0.495115

0.0, 0.0
0.993618, 0.44236
0.868564, 0.495577

0.0, 0.0
0.994204, 0.442333
0.8683, 0.496039

0.0, 0.0
0.99479, 0.442307
0.868036, 0.496502

0.0, 0.0
0.995375, 0.44228
0.867771, 0.496964

0.0, 0.0
0.995959, 0.442253
0.867507, 0.497425

0.0, 0.0
0.996544, 0.442226
0.867242, 0.497887

0.0, 0.0
0.997128, 0.4422
0.866977, 0.498349

0.0, 0.0
0.997711, 0.442173
0.866711, 0.49881

0.0, 0.0
0.998295, 0.442146
0.866446, 0.499272

0.0, 0.0
0.998877, 0.442119
0.86618, 0.499733

0.0, 0.0
0.99946, 0.442092
0.865913, 0.500194

0.0, 0.0
1.00004, 0.442065
0.865647, 0.500655

0.0, 0.0
1.00062, 0.442039
0.86538, 0.501115

0.0, 0.0
1.00121, 0.442012
0.865114, 0.501576

0.0, 0.0
1.00179, 0.441985
0.864846, 0.502036

0.0, 0.0
1.00237, 0.441958
0.864579, 0.502497

0.0, 0.0
1.00295, 0.44193
0.864311, 0.502957

0.0, 0.0
1.00353, 0.441903
0.864044, 0.503417

0.0, 0.0
1.00411, 0.441876
0.863775, 0.503877

0.0, 0.0
1.00469, 0.441849
0.863507, 0.504337

0.0, 0.0
1.00526, 0.441822
0.863239, 0.504796

0.0, 0.0
1.00584, 0.441795
0.86297, 0.505256

0.0, 0.0
1.00642, 0.441767
0.862701, 0.505715

0.0, 0.0
1.007, 0.44174
0.862431, 0.506174

0.0, 0.0
1.00758, 0.441713
0.862162, 0.506633

0.0, 0.0
1.00815, 0.441685
0.861892, 0.507092

0.0, 0.0
1.00873, 0.441658
0.861622, 0.507551

0.0, 0.0
1.00931, 0.44163
0.861351, 0.50801

0.0, 0.0
1.00988, 0.441603
0.861081, 0.508468

0.0, 0.0
1.01046, 0.441575
0.86081, 0.508926

0.0, 0.0
1.01104, 0.441548
0.860539, 0.509384

0.0, 0.0
1.01161, 0.44152
0.860268, 0.509843

0.0, 0.0
1.01219, 0.441493
0.859996, 0.5103

0.0, 0.0
1.01276, 0.441465
0.859724, 0.510758

0.0, 0.0
1.01333, 0.441437
0.859452, 0.511216

0.0, 0.0
1.01391, 0.441409
0.85918, 0.511673

0.0, 0.0
1.01448, 0.441381
0.858908, 0.51213

0.0, 0.0
1.01506, 0.441354
0.858635, 0.512588

0.0, 0.0
1.01563, 0.441326
0.858362, 0.513045

0.0, 0.0
1.0162, 0.441298
0.858089, 0.513502

0.0, 0.0
1.01677, 0.44127
0.857815, 0.513958

0.0, 0.0
1.01735, 0.441242
0.857541, 0.514415

0.0, 0.0
1.01792, 0.441214
0.857268, 0.514871

0.0, 0.0
1.01849, 0.441185
0.856993, 0.515328

0.0, 0.0
1.01906, 0.441157
0.856719, 0.515784

0.0, 0.0
1.01963, 0.441129
0.856444, 0.51624

0.0, 0.0
1.0202, 0.441101
0.856169, 0.516695

0.0, 0.0
1.02077, 0.441073
0.855894, 0.517151

0.0, 0.0
1.02134, 0.441044
0.855619, 0.517607

0.0, 0.0
1.02191, 0.441016
0.855343, 0.518062

0.0, 0.0
1.02248, 0.440987
0.855067, 0.518517

0.0, 0.0
1.02305, 0.440959
0.854791, 0.518973

0.0, 0.0
1.02362, 0.44093
0.854515, 0.519427

0.0, 0.0
1.02419, 0.440902
0.854238, 0.519882

0.0, 0.0
1.02475, 0.440873
0.853961, 0.520337

0.0, 0.0
1.02532, 0.440844
0.853684, 0.520792

0.0, 0.0
1.02589, 0.440816
0.853407, 0.521246

0.0, 0.0
1.02646, 0.440787
0.853129, 0.5217

0.0, 0.0
1.02702, 0.440758
0.852851, 0.522154

0.0, 0.0
1.02759, 0.440729
0.852573, 0.522608

0.0, 0.0
1.02816, 0.4407
0.852295, 0.523062

0.0, 0.0
1.02872, 0.440671
0.852016, 0.523516

0.0, 0.0
1.02929, 0.440642
0.851737, 0.523969

0.0, 0.0
1.02985, 0.440613
0.851458, 0.524422

0.0, 0.0
1.03042, 0.440584
0.851179, 0.524876

0.0, 0.0
1.03098, 0.440555
0.850899, 0.525329

0.0, 0.0
1.03155, 0.440526
0.85062, 0.525782

0.0, 0.0
1.03211, 0.440496
0.85034, 0.526234

0.0, 0.0
1.03268, 0.440467
0.850059, 0.526687

0.0, 0.0
1.03324, 0.440437
0.849779, 0.527139

0.0, 0.0
1.0338, 0.440408
0.849498, 0.527592

0.0, 0.0
1.03437, 0.440379
0.849217, 0.528044

0.0, 0.0
1.03493, 0.440349
0.848936, 0.528496

0.0, 0.0
1.03549, 0.440319
0.848654, 0.528948

0.0, 0.0
1.03606, 0.44029
0.848373, 0.529399

0.0, 0.0
1.03662, 0.44026
0.848091, 0.529851

0.0, 0.0
1.03718, 0.44023
0.847809, 0.530302

0.0, 0.0
1.03774, 0.440201
0.847526, 0.530753

0.0, 0.0
1.0383, 0.440171
0.847244, 0.531205

0.0, 0.0
1.03886, 0.440141
0.846961, 0.531656

0.0, 0.0
1.03942, 0.440111
0.846678, 0.532106

0.0, 0.0
1.03998, 0.440081
0.846394, 0.532557

0.0, 0.0
1.04055, 0.440051
0.846111, 0.533007

0.0, 0.0
1.04111, 0.440021
0.845827, 0.533458

0.0, 0.0
1.04166, 0.43999
0.845543, 0.533908

0.0, 0.0
1.04222, 0.43996
0.845258, 0.534358

0.0, 0.0
1.04278, 0.43993
0.844974, 0.534808

0.0, 0.0
1.04334, 0.4399
0.844689, 0.535258

0.0, 0.0
1.0439, 0.439869
0.844404, 0.535707

0.0, 0.0
1.04446, 0.439839
0.844118, 0.536157

0.0, 0.0
1.04502, 0.439808
0.843833, 0.536606

0.0, 0.0
1.04557, 0.439778
0.843547, 0.537055

0.0, 0.0
1.04613, 0.439747
0.843261, 0.537504

0.0, 0.0
1.04669, 0.439716
0.842975, 0.537953

0.0, 0.0
1.04725, 0.439686
0.842688, 0.538402

0.0, 0.0
1.0478, 0.439655
0.842402, 0.53885

0.0, 0.0
1.04836, 0.439624
0.842115, 0.539298

0.0, 0.0
1.04892, 0.439593
0.841828, 0.539747

0.0, 0.0
1.04947, 0.439562
0.84154, 0.540195

0.0, 0.0
1.05003, 0.439531
0.841252, 0.540643

0.0, 0.0
1.05058, 0.4395
0.840964, 0.54109

0.0, 0.0
1.05114, 0.439469
0.840676, 0.541538

0.0, 0.0
1.05169, 0.439438
0.840388, 0.541985

0.0, 0.0
1.05225, 0.439407
0.840099, 0.542433

0.0, 0.0
1.0528, 0.439375
0.83981, 0.54288

0.0, 0.0
1.05336, 0.439344
0.839521, 0.543327

0.0, 0.0
1.05391, 0.439313
0.839232, 0.543774

0.0, 0.0
1.05446, 0.439281
0.838942, 0.54422

0.0, 0.0
1.05502, 0.43925
0.838652, 0.544667

0.0, 0.0
1.05557, 0.439218
0.838362, 0.545113

0.0, 0.0
1.05612, 0.439187
0.838072, 0.545559

0.0, 0.0
1.05668, 0.439155
0.837782, 0.546006

0.0, 0.0
1.05723, 0.439123
0.837491, 0.546451

0.0, 0.0
1.05778, 0.439091
0.8372, 0.546897

0.0, 0.0
1.05833, 0.43906
0.836909, 0.547343

0.0, 0.0
1.05889, 0.439028
0.836617, 0.547788

0.0, 0.0
1.05944, 0.438996
0.836325, 0.548234

0.0, 0.0
1.05999, 0.438964
0.836033, 0.548679

0.0, 0.0
1.06054, 0.438932
0.835741, 0.549124

0.0, 0.0
1.06109, 0.438899
0.835449, 0.549568

0.0, 0.0
1.06164, 0.438867
0.835156, 0.550013

0.0, 0.0
1.06219, 0.438835
0.834863, 0.550458

0.0, 0.0
1.06274, 0.438803
0.83457, 0.550902

0.0, 0.0
1.06329, 0.43877
0.834277, 0.551346

0.0, 0.0
1.06384, 0.438738
0.833983, 0.55179

0.0, 0.0
1.06439, 0.438706
0.833689, 0.552234

0.0, 0.0
1.06494, 0.438673
0.833395, 0.552678

0.0, 0.0
1.06549, 0.43864
0.833101, 0.553121

0.0, 0.0
1.06603, 0.438608
0.832806, 0.553565

0.0, 0.0
1.06658, 0.438575
0.832511, 0.554008

0.0, 0.0
1.06713, 0.438542
0.832216, 0.554451

0.0, 0.0
1.06768, 0.438509
0.831921, 0.554894

0.0, 0.0
1.06823, 0.438477
0.831625, 0.555337

0.0, 0.0
1.06877, 0.438444
0.83133, 0.55578

0.0, 0.0
1.06932, 0.438411
0.831034, 0.556222

0.0, 0.0
1.06987, 0.438378
0.830738, 0.556664

0.0, 0.0
1.07041, 0.438345
0.830441, 0.557106

0.0, 0.0
1.07096, 0.438311
0.830144, 0.557548

0.0, 0.0
1.07151, 0.438278
0.829847, 0.55799

0.0, 0.0
1.07205, 0.438245
0.82955, 0.558432

0.0, 0.0
1.0726, 0.438212
0.829253, 0.558874

0.0, 0.0
1.07314, 0.438178
0.828955, 0.559315

0.0, 0.0
1.07369, 0.438145
0.828657, 0.559756

0.0, 0.0
1.07423, 0.438111
0.828359, 0.560197

0.0, 0.0
1.07478, 0.438078
0.828061, 0.560638

0.0, 0.0
1.07532, 0.438044
0.827762, 0.561079

0.0, 0.0
1.07587, 0.43801
0.827464, 0.561519

0.0, 0.0
1.07641, 0.437977
0.827165, 0.56196

0.0, 0.0
1.07695, 0.437943
0.826865, 0.5624

0.0, 0.0
1.0775, 0.437909
0.826566, 0.56284

0.0, 0.0
1.07804, 0.437875
0.826266, 0.56328

0.0, 0.0
1.07858, 0.437841
0.825966, 0.56372

0.0, 0.0
1.07913, 0.437807
0.825666, 0.564159

0.0, 0.0
1.07967, 0.437773
0.825365, 0.564599

0.0, 0.0
1.08021, 0.437739
0.825065, 0.565038

0.0, 0.0
1.08075, 0.437704
0.824764, 0.565477

0.0, 0.0
1.0813, 0.43767
0.824463, 0.565916

0.0, 0.0
1.08184, 0.437636
0.824161, 0.566355

0.0, 0.0
1.08238, 0.437601
0.82386, 0.566794

0.0, 0.0
1.08292, 0.437567
0.823558, 0.567232

0.0, 0.0
1.08346, 0.437532
0.823256, 0.567671

0.0, 0.0
1.084, 0.437498
0.822953, 0.568109

0.0, 0.0
1.08454, 0.437463
0.822651, 0.568547

0.0, 0.0
1.08508, 0.437429
0.822348, 0.568985

0.0, 0.0
1.08562, 0.437394
0.822045, 0.569422

0.0, 0.0
1.08616, 0.437359
0.821742, 0.56986

0.0, 0.0
1.0867, 0.437324
0.821438, 0.570297

0.0, 0.0
1.08724, 0.437289
0.821135, 0.570734

0.0, 0.0
1.08778, 0.437254
0.820831, 0.571171

0.0, 0.0
1.08832, 0.437219
0.820527, 0.571608

0.0, 0.0
1.08886, 0.437184
0.820222, 0.572045

0.0, 0.0
1.0894, 0.437149
0.819918, 0.572482

0.0, 0.0
1.08994, 0.437114
0.819613, 0.572918

0.0, 0.0
1.09047, 0.437078
0.819308, 0.573354

0.0, 0.0
1.09101, 0.437043
0.819002, 0.57379

0.0, 0.0
1.09155, 0.437008
0.818697, 0.574226

0.0, 0.0
1.09209, 0.436972
0.818391, 0.574662

0.0, 0.0
1.09262, 0.436937
0.818085, 0.575098

0.0, 0.0
1.09316, 0.436901
0.817779, 0.575533

0.0, 0.0
1.0937, 0.436866
0.817472, 0.575968

0.0, 0.0
1.09423, 0.43683
0.817165, 0.576403

0.0, 0.0
1.09477, 0.436794
0.816858, 0.576838

0.0, 0.0
1.09531, 0.436758
0.816551, 0.577273

0.0, 0.0
1.09584, 0.436722
0.816244, 0.577708

0.0, 0.0
1.09638, 0.436687
0.815936, 0.578142

0.0, 0.0
1.09691, 0.436651
0.815628, 0.578576

0.0, 0.0
1.09745, 0.436615
0.81532, 0.57901

0.0, 0.0
1.09798, 0.436578
0.815012, 0.579444

0.0, 0.0
1.09852, 0.436542
0.814703, 0.579878

0.0, 0.0
1.09905, 0.436506
0.814394, 0.580312

0.0, 0.0
1.09959, 0.43647
0.814085, 0.580745

0.0, 0.0
1.10012, 0.436433
0.813776, 0.581178

0.0, 0.0
1.10066, 0.436397
0.813467, 0.581612

0.0, 0.0
1.10119, 0.436361
0.813157, 0.582045

0.0, 0.0
1.10172, 0.436324
0.812847, 0.582477

0.0, 0.0
1.10226, 0.436288
0.812537, 0.58291

0.0, 0.0
1.10279, 0.436251
0.812226, 0.583342

0.0, 0.0
1.10332, 0.436214
0.811916, 0.583775

0.0, 0.0
1.10386, 0.436177
0.811605, 0.584207

0.0, 0.0
1.10439, 0.436141
0.811294, 0.584639

0.0, 0.0
1.10492, 0.436104
0.810982, 0.585071

0.0, 0.0
1.10545, 0.436067
0.810671, 0.585502

0.0, 0.0
1.10598, 0.43603
0.810359, 0.585934

0.0, 0.0
1.10652, 0.435993
0.810047, 0.586365

0.0, 0.0
1.10705, 0.435956
0.809735, 0.586796

0.0, 0.0
1.10758, 0.435919
0.809422, 0.587227

0.0, 0.0
1.10811, 0.435881
0.809109, 0.587658

0.0, 0.0
1.10864, 0.435844
0.808797, 0.588089

0.0, 0.0
1.10917, 0.435807
0.808483, 0.588519

0.0, 0.0
1.1097, 0.435769
0.80817, 0.588949

0.0, 0.0
1.11023, 0.435732
0.807856, 0.58938

0.0, 0.0
1.11076, 0.435694
0.807542, 0.589809

0.0, 0.0
1.11129, 0.435657
0.807228, 0.590239

0.0, 0.0
1.11182, 0.435619
0.806914, 0.590669

0.0, 0.0
1.11235, 0.435582
0.806599, 0.591098

0.0, 0.0
1.11288, 0.435544
0.806285, 0.591528

0.0, 0.0
1.11341, 0.435506
0.80597, 0.591957

0.0, 0.0
1.11393, 0.435468
0.805654, 0.592386

0.0, 0.0
1.11446, 0.43543
0.805339, 0.592815

0.0, 0.0
1.11499, 0.435392
0.805023, 0.593243

0.0, 0.0
1.11552, 0.435354
0.804707, 0.593672

0.0, 0.0
1.11605, 0.435316
0.804391, 0.5941

0.0, 0.0
1.11657, 0.435278
0.804075, 0.594528

0.0, 0.0
1.1171, 0.43524
0.803758, 0.594956

0.0, 0.0
1.11763, 0.435202
0.803441, 0.595384

0.0, 0.0
1.11816, 0.435163
0.803124, 0.595811

0.0, 0.0
1.11868, 0.435125
0.802807, 0.596239

0.0, 0.0
1.11921, 0.435086
0.80249, 0.596666

0.0, 0.0
1.11974, 0.435048
0.802172, 0.597093

0.0, 0.0
1.12026, 0.435009
0.801854, 0.59752

0.0, 0.0
1.12079, 0.434971
0.801536, 0.597947

0.0, 0.0
1.12131, 0.434932
0.801217, 0.598374

0.0, 0.0
1.12184, 0.434893
0.800899, 0.5988

0.0, 0.0
1.12236, 0.434855
0.80058, 0.599226

0.0, 0.0
1.12289, 0.434816
0.800261, 0.599652

0.0, 0.0
1.12341, 0.434777
0.799941, 0.600078

0.0, 0.0
1.12394, 0.434738
0.799622, 0.600504

0.0, 0.0
1.12446, 0.434699
0.799302, 0.60093

0.0, 0.0
1.12499, 0.43466
0.798982, 0.601355

0.0, 0.0
1.12551, 0.434621
0.798662, 0.60178

0.0, 0.0
1.12604, 0.434581
0.798341, 0.602205

0.0, 0.0
1.12656, 0.434542
0.79802, 0.60263

0.0, 0.0
1.12708, 0.434503
0.7977, 0.603055

0.0, 0.0
1.12761, 0.434464
0.797378, 0.60348

0.0, 0.0
1.12813, 0.434424
0.797057, 0.603904

0.0, 0.0
1.12865, 0.434385
0.796735, 0.604328

0.0, 0.0
1.12918, 0.434345
0.796414, 0.604752

0.0, 0.0
1.1297, 0.434306
0.796092, 0.605176

0.0, 0.0
1.13022, 0.434266
0.795769, 0.6056

0.0, 0.0
1.13074, 0.434226
0.795447, 0.606023

0.0, 0.0
1.13126, 0.434186
0.795124, 0.606447

0.0, 0.0
1.13179, 0.434147
0.794801, 0.60687

0.0, 0.0
1.13231, 0.434107
0.794478, 0.607293

0.0, 0.0
1.13283, 0.434067
0.794155, 0.607716

0.0, 0.0
1.13335, 0.434027
0.793831, 0.608138

0.0, 0.0
1.13387, 0.433987
0.793507, 0.608561

0.0, 0.0
1.13439, 0.433947
0.793183, 0.608983

0.0, 0.0
1.13491, 0.433906
0.792859, 0.609405

0.0, 0.0
1.13543, 0.433866
0.792534, 0.609827

0.0, 0.0
1.13595, 0.433826
0.792209, 0.610249

0.0, 0.0
1.13647, 0.433786
0.791884, 0.610671

0.0, 0.0
1.13699, 0.433745
0.791559, 0.611092

0.0, 0.0
1.13751, 0.433705
0.791234, 0.611514

0.0, 0.0
1.13803, 0.433664
0.790908, 0.611935

0.0, 0.0
1.13855, 0.433624
0.790582, 0.612356

0.0, 0.0
1.13907, 0.433583
0.790256, 0.612777

0.0, 0.0
1.13959, 0.433542
0.78993, 0.613197

0.0, 0.0
1.14011, 0.433502
0.789603, 0.613618

0.0, 0.0
1.14062, 0.433461
0.789277, 0.614038

0.0, 0.0
1.14114, 0.43342
0.78895, 0.614458

0.0, 0.0
1.14166, 0.433379
0.788622, 0.614878

0.0, 0.0
1.14218, 0.433338
0.788295, 0.615297

0.0, 0.0
1.1427, 0.433297
0.787967, 0.615717

0.0, 0.0
1.14321, 0.433256
0.787639, 0.616136

0.0, 0.0
1.14373, 0.433215
0.787311, 0.616556

0.0, 0.0
1.14425, 0.433174
0.786983, 0.616975

