0.448786,1.44522
0.567911,0.904488
0.625358,0.235271
0.614723,-0.440224
0.540982,-1.00518
0.421698,-1.3341
0.283343,-1.3931
0.150465,-1.2349
0.0423468,-0.903845
-0.0270961,-0.484019
-0.0601859,-0.235988
-0.0883992,-0.38565
-0.142996,-0.703778
-0.226365,-0.940716
-0.326326,-1.03527
-0.428415,-0.981445
-0.516611,-0.749423
-0.571329,-0.312882
-0.574091,0.272678
-0.515421,0.896797
-0.397331,1.4409
-0.234617,1.76579
-0.0552002,1.76884
0.109255,1.48361
0.235711,1.03004
0.314621,0.559249
0.352795,0.23957
0.369416,0.118259
0.379247,0.0813176
0.385399,0.0376631
0.386254,-0.0213588
0.38148,-0.0706545
0.372695,-0.1051
0.35874,-0.193231
0.327889,-0.459813
0.260415,-0.906939
0.145494,-1.37964
-0.0110712,-1.71846
-0.18931,-1.79511
-0.358924,-1.546
-0.489912,-1.04484
-0.564093,-0.431424
-0.576518,0.172013
-0.533837,0.65258
-0.452728,0.935258
-0.3531,1.03075
-0.251725,0.974292
-0.163192,0.774111
-0.100732,0.465734
-0.0672845,0.245113
-0.0384837,0.399171
0.0212956,0.80566
0.121159,1.16868
0.249613,1.37096
0.388425,1.36819
0.514441,1.1059
0.60094,0.589868
0.627643,-0.0672053
0.586797,-0.743674
0.482044,-1.32436
0.330063,-1.66397
0.160418,-1.67741
0.00394071,-1.41745
-0.117054,-0.984162
-0.191846,-0.524162
-0.229089,-0.272691
-0.256328,-0.305049
-0.292834,-0.420715
-0.338365,-0.475604
-0.38527,-0.45123
-0.426616,-0.367352
-0.456704,-0.221721
-0.467268,0.0338375
-0.444721,0.440508
-0.375686,0.945962
-0.256191,1.42815
-0.0953431,1.75182
0.0847247,1.79814
0.253923,1.54255
0.386198,1.08109
0.467651,0.546653
0.497279,0.0634328
0.485102,-0.280689
0.445963,-0.482379
0.391876,-0.586619
0.331335,-0.610976
0.272907,-0.541368
0.226129,-0.384505
0.19494,-0.264684
0.163487,-0.423565
0.100731,-0.852296
-0.00749042,-1.29467
-0.153144,-1.58607
-0.316508,-1.63508
-0.469469,-1.371
-0.581407,-0.83436
-0.63189,-0.165541
-0.614131,0.513702
-0.532609,1.08827
-0.404513,1.42565
-0.257261,1.47604
-0.117294,1.29203
-0.00495099,0.93221
0.066507,0.50021
0.101571,0.259818
0.131591,0.390141
0.184179,0.657284
0.260235,0.842581
0.348314,0.898394
0.435606,0.826399
0.508599,0.605794
0.550685,0.206485
0.544926,-0.337637
0.481527,-0.927587
0.361735,-1.44564
0.199302,-1.75838
0.0205637,-1.76425
-0.143799,-1.4862
-0.270902,-1.04038
-0.351045,-0.571141
-0.389387,-0.224892
-0.401941,-0.0497799
-0.40233,0.0359025
-0.395223,0.106425
-0.381288,0.169594
-0.362372,0.202001
-0.342115,0.200386
-0.320941,0.242078
-0.28713,0.473845
-0.219134,0.905148
-0.104981,1.36558
0.0494922,1.69096
0.224476,1.75855
0.390142,1.50329
0.516434,0.992894
0.584804,0.366563
0.589884,-0.255125
0.537753,-0.758497
0.445229,-1.05453
0.333936,-1.141
0.222857,-1.05577
0.128087,-0.816859
0.0630717,-0.477361
0.0286841,-0.258842
-0.00227357,-0.423703
-0.0634288,-0.803075
-0.160741,-1.11965
-0.282007,-1.27769
-0.409828,-1.2447
-0.522941,-0.975563
-0.596953,-0.472421
-0.612844,0.165728
-0.563164,0.82128
-0.45183,1.37794
-0.295697,1.69418
-0.124044,1.68788
0.0326091,1.41122
0.152579,0.972707
0.22683,0.527766
0.265168,0.285448
0.292316,0.283989
0.324093,0.34768
0.360106,0.36111
0.394253,0.313657
0.421514,0.226491
0.438212,0.0981203
0.438017,-0.123555
0.408356,-0.494083
0.335413,-0.971875
0.214432,-1.43248
0.0540532,-1.73905
-0.124159,-1.77483
-0.290673,-1.51209
-0.419509,-1.04231
-0.496511,-0.495376
-0.520015,0.00953123
-0.499127,0.381946
-0.448754,0.602977
-0.382455,0.70684
-0.310754,0.711144
-0.243969,0.606625
-0.192606,0.412183
-0.159624,0.279537
-0.125866,0.455826
-0.059701,0.882056
0.0500606,1.29289
0.193465,1.54267
0.3505,1.55315
0.493843,1.26323
0.594391,0.716522
0.633044,0.0480316
0.603838,-0.623962
0.511976,-1.18331
0.375516,-1.49669
0.222667,-1.51615
0.080423,-1.29739
-0.0309483,-0.910007
-0.100027,-0.482272
-0.13517,-0.280651
-0.167913,-0.412627
-0.220668,-0.634804
-0.291881,-0.769611
-0.3706,-0.786487
-0.445411,-0.691429
-0.504536,-0.466792
-0.533345,-0.0826722
-0.516463,0.435314
-0.444783,0.994925
-0.319929,1.47897
-0.155887,1.75809
0.0215012,1.7396
0.182705,1.4494
0.305994,1.00239
0.382548,0.537171
0.417274,0.18307
0.424372,-0.0197595
0.416238,-0.135322
0.398259,-0.221478
0.372824,-0.281514
0.343608,-0.293728
0.315632,-0.262673
0.289409,-0.284189
0.251427,-0.517673
0.178877,-0.949465
0.0610934,-1.39084
-0.0942832,-1.68228
-0.266427,-1.71028
-0.425447,-1.4203
-0.542228,-0.8878
-0.599478,-0.250774
-0.592782,0.373631
-0.529,0.871426
-0.425906,1.15119
-0.306243,1.2101
-0.190069,1.08735
-0.0941705,0.808708
-0.0311307,0.453082
0.00238774,0.274763
0.037287,0.476103
0.10277,0.829605
0.200217,1.09518
0.316483,1.20324
0.434699,1.12867
0.534725,0.833125
0.594076,0.325153
0.595734,-0.300965
0.533651,-0.93198
0.413082,-1.44942
0.252246,-1.71652
0.0806246,-1.6672
-0.0724298,-1.36261
-0.187054,-0.918795
-0.256945,-0.49905
-0.293976,-0.283207
-0.320454,-0.265716
-0.348447,-0.289678
-0.376857,-0.269407
-0.40081,-0.204248
-0.416928,-0.115337
-0.422918,0.00373642
-0.413147,0.213405
-0.375019,0.573451
-0.294806,1.03638
-0.168563,1.4713
-0.00606478,1.74127
0.17034,1.73683
0.331332,1.44162
0.452044,0.952248
0.519512,0.396075
0.532877,-0.1124
0.501636,-0.485654
0.441039,-0.70251
0.365422,-0.791663
0.286543,-0.767832
0.215925,-0.626023
0.164158,-0.405554
0.131166,-0.296888
0.092954,-0.523058
0.0196438,-0.947978
-0.0947851,-1.31715
-0.237917,-1.51211
-0.389001,-1.46469
-0.520953,-1.12723
-0.606572,-0.558357
-0.629252,0.110474
-0.584877,0.765868
-0.480506,1.2879
-0.336192,1.5482
-0.18085,1.51602
-0.0408653,1.25397
0.0647243,0.842514
0.127789,0.440149
0.162021,0.303787
0.198353,0.448055
0.252793,0.629348
0.321011,0.716469
0.392445,0.695926
0.456814,0.574713
0.503365,0.333641
0.518525,-0.0546852
0.48833,-0.561571
0.405225,-1.09465
0.272399,-1.53614
0.105311,-1.76108
-0.0697946,-1.69349
-0.22474,-1.37389
-0.339946,-0.919462
-0.408584,-0.463607
-0.436521,-0.119168
-0.437088,0.0890051
-0.421388,0.217124
-0.394897,0.307749
-0.361229,0.35742
-0.32549,0.347039
-0.293299,0.296158
-0.263555,0.327854
-0.21946,0.59559
-0.138393,1.03468
-0.0133746,1.44575
0.14493,1.6832
0.313894,1.64497
0.463346,1.29792
0.566149,0.735114
0.607631,0.0912166
0.58543,-0.520908
0.508368,-0.986695
0.395891,-1.22305
0.271283,-1.2374
0.15465,-1.0692
0.0626044,-0.752707
0.00539206,-0.404429
-0.026861,-0.305714
-0.0680191,-0.554352
-0.140215,-0.877882
-0.239786,-1.08897
-0.352689,-1.14273
-0.462259,-1.01653
-0.548795,-0.678183
-0.591452,-0.150944
-0.575823,0.468711
-0.498239,1.07036
-0.366398,1.53207
-0.200929,1.72605
-0.0316804,1.61412
0.114012,1.27296
0.219263,0.827344
0.28168,0.446722
0.315813,0.27217
0.341372,0.250953
0.366465,0.245401
0.389051,0.199193
0.405249,0.121653
0.412985,0.0314145
0.410588,-0.0886711
0.391844,-0.309645
0.343385,-0.681758
0.252534,-1.13638
0.117853,-1.53595
-0.0483274,-1.74731
-0.221943,-1.67565
-0.37404,-1.32909
-0.482057,-0.814924
-0.535531,-0.256745
-0.535609,0.236405
-0.493145,0.585591
-0.423794,0.777836
-0.34197,0.839578
-0.259999,0.780453
-0.190022,0.601797
-0.141431,0.375593
-0.108668,0.333751
-0.0628071,0.627124
0.0209392,1.04184
0.142274,1.35849
0.286254,1.48605
0.430976,1.36269
0.549291,0.961222
0.616552,0.363286
0.619598,-0.303949
0.557056,-0.930882
0.438969,-1.39186
0.288206,-1.5735
0.13387,-1.47393
0.000674985,-1.16351
-0.0947555,-0.737557
-0.149395,-0.389795
-0.183138,-0.338397
-0.224241,-0.495013
-0.281561,-0.636849
-0.348236,-0.679353
-0.414082,-0.622692
-0.46958,-0.47075
-0.504236,-0.200005
-0.504835,0.209501
-0.458966,0.715875
-0.361586,1.22131
-0.218677,1.60673
-0.0482795,1.75522
0.122564,1.61788
0.267665,1.25801
0.370689,0.796682
0.427899,0.361267
0.447029,0.0441822
0.440863,-0.151729
0.418965,-0.278905
0.386465,-0.364525
0.347845,-0.39785
0.309172,-0.365667
0.275555,-0.312247
0.242297,-0.39007
0.188899,-0.713071
0.095543,-1.15314
-0.0392575,-1.51775
-0.201173,-1.67963
-0.365294,-1.55137
-0.50154,-1.13356
-0.586038,-0.53952
-0.60779,0.103238
-0.567416,0.684761
-0.476719,1.09206
-0.357038,1.26304
-0.231355,1.22046
-0.11899,1.0019
-0.0354341,0.656396
0.0135208,0.352757
0.0462765,0.367386
0.0965649,0.656256
0.177347,0.941452
0.280392,1.09468
0.390905,1.0888
0.491942,0.899023
0.563714,0.50361
0.58721,-0.0516933
0.551353,-0.665414
0.455782,-1.22759
0.311781,-1.61226
0.143108,-1.71058
-0.0205154,-1.52272
-0.154816,-1.14287
-0.247104,-0.706913
-0.30014,-0.385165
-0.331099,-0.262814
-0.356189,-0.243662
-0.379472,-0.215538
-0.398014,-0.149902
-0.408769,-0.0636901
-0.410497,0.031338
-0.401132,0.16875
-0.372662,0.425642
-0.31105,0.823561
-0.20631,1.26545
-0.0610842,1.61209
0.108691,1.7394
0.276929,1.57843
0.415974,1.17177
0.506906,0.636274
0.542847,0.0895836
0.527886,-0.366774
0.474677,-0.670492
0.398873,-0.823364
0.31432,-0.848428
0.233441,-0.749378
0.168268,-0.540968
0.125045,-0.34413
0.0902871,-0.410966
0.0326711,-0.766676
-0.0641612,-1.15455
-0.193677,-1.40671
-0.338507,-1.45192
-0.475132,-1.23444
-0.576611,-0.75968
-0.621933,-0.13318
-0.602141,0.525206
-0.519453,1.10548
-0.388038,1.47827
-0.233689,1.56145
-0.0845896,1.38593
0.0371954,1.02837
0.118833,0.608977
0.164587,0.353383
0.199932,0.393624
0.247337,0.553294
0.308574,0.654899
0.374876,0.655001
0.436406,0.561107
0.483821,0.369394
0.506081,0.0533493
0.490118,-0.38986
0.425821,-0.897824
0.31181,-1.36556
0.158054,-1.67365
-0.0140765,-1.72243
-0.177204,-1.50223
-0.308331,-1.10133
-0.39552,-0.643427
-0.43912,-0.246313
-0.449041,0.0271447
-0.437099,0.199671
-0.410922,0.317338
-0.37511,0.391046
-0.334772,0.404783
-0.296271,0.358357
-0.26255,0.331891
-0.223466,0.491598
-0.156476,0.870857
-0.0477083,1.29337
0.0980243,1.59063
0.262447,1.65247
0.418298,1.41532
0.53686,0.924597
0.598929,0.306916
0.597903,-0.32019
0.538244,-0.846819
0.435418,-1.17057
0.312004,-1.26244
0.189661,-1.15652
0.0863196,-0.888086
0.0150629,-0.535848
-0.0257149,-0.329248
-0.0631181,-0.470957
-0.125542,-0.777508
-0.216228,-1.01417
-0.323445,-1.10503
-0.431629,-1.03001
-0.522893,-0.76135
-0.577291,-0.298805
-0.578512,0.285103
-0.519656,0.885293
-0.404634,1.3888
-0.24943,1.66941
-0.0808817,1.65428
0.0727473,1.38642
0.191459,0.97591
0.268157,0.573305
0.311804,0.333761
0.340872,0.266266
0.366678,0.248163
0.389488,0.201138
0.405764,0.120459
0.413122,0.025597
0.410405,-0.0850215
0.393858,-0.263647
0.353021,-0.576669
0.274648,-0.999006
0.153445,-1.41084
-0.00270924,-1.67851
-0.173715,-1.69506
-0.332163,-1.43261
-0.453411,-0.970035
-0.523433,-0.426791
-0.539755,0.0873318
-0.509952,0.484126
-0.448121,0.727688
-0.369049,0.833571
-0.285574,0.816708
-0.209913,0.677898
-0.152826,0.459933
-0.11456,0.344881
-0.0727831,0.543402
0.000831279,0.93452
0.112444,1.27531
0.250236,1.44833
0.394318,1.39131
0.519287,1.06417
0.599682,0.517568
0.619439,-0.128417
0.574347,-0.762565
0.471185,-1.26857
0.329081,-1.52581
0.175676,-1.50042
0.0367613,-1.24867
-0.069116,-0.855509
-0.134871,-0.481657
-0.174105,-0.355714
-0.214553,-0.474572
-0.269917,-0.622057
-0.335954,-0.681323
-0.402741,-0.63891
-0.460535,-0.501238
-0.499312,-0.254086
-0.506934,0.122752
-0.471186,0.602828
-0.385612,1.10233
-0.253721,1.51043
-0.0904931,1.71242
0.0794553,1.64258
0.229995,1.33869
0.342882,0.908962
0.411707,0.476575
0.441511,0.139964
0.443701,-0.0796943
0.428036,-0.225568
0.399966,-0.329839
0.363643,-0.387783
0.324545,-0.384017
0.288199,-0.343147
0.253162,-0.385643
0.203375,-0.647555
0.118292,-1.06102
-0.00772049,-1.43895
-0.163634,-1.64246
-0.327103,-1.57819
-0.46937,-1.22457
-0.565269,-0.672268
-0.60137,-0.0474296
-0.575969,0.540483
-0.498179,0.982649
-0.386903,1.20513
-0.264395,1.21413
-0.150198,1.04434
-0.0603543,0.736217
-0.00334759,0.422031
0.0330593,0.367528
0.0808569,0.616994
0.157939,0.911344
0.25918,1.08915
0.370435,1.10928
0.474922,0.948472
0.553239,0.584872
0.586208,0.0544294
0.561648,-0.548082
0.477679,-1.1161
0.34357,-1.53011
0.180707,-1.67847
0.0176171,-1.54278
-0.120805,-1.20256
-0.220149,-0.784043
-0.280596,-0.452322
-0.317328,-0.312576
-0.347118,-0.290323
-0.375303,-0.267041
-0.399103,-0.202247
-0.414749,-0.107567
-0.420115,0.00293794
-0.412957,0.150687
-0.386605,0.397613
-0.328976,0.771854
-0.230294,1.19894
-0.0916204,1.55105
0.0732885,1.70675
0.240476,1.59172
0.383251,1.23175
0.482046,0.731299
0.528625,0.204688
0.525447,-0.249422
0.483329,-0.568467
0.416479,-0.747409
0.337935,-0.805123
0.259474,-0.745275
0.19268,-0.576258
0.144951,-0.390784
0.107315,-0.415032
0.0516429,-0.730635
-0.0413025,-1.11797
-0.16809,-1.39021
-0.312614,-1.46335
-0.452045,-1.28009
-0.559815,-0.83861
-0.614267,-0.234763
-0.605279,0.412546
-0.533867,0.995407
-0.412491,1.3912
-0.26493,1.51424
-0.118352,1.3823
0.00505823,1.06302
0.0913691,0.663282
0.142127,0.39389
0.180377,0.414644
0.229985,0.579952
0.294745,0.698872
0.366189,0.712517
0.433744,0.622346
0.487071,0.425367
0.514546,0.102161
0.503323,-0.342865
0.443848,-0.848206
0.334902,-1.3146
0.186037,-1.62833
0.0176901,-1.69401
-0.143855,-1.49995
-0.276183,-1.12754
-0.367353,-0.696417
-0.417448,-0.32234
-0.435834,-0.0645178
-0.43342,0.102537
-0.416781,0.225478
-0.389413,0.315916
-0.35524,0.358523
-0.319521,0.349598
-0.285052,0.351745
-0.24398,0.505007
-0.177015,0.857459
-0.0704372,1.26624
0.0726323,1.56652
0.235319,1.6438
0.39158,1.43396
0.51361,0.97512
0.582165,0.385088
0.590087,-0.220501
0.541091,-0.735608
0.449207,-1.06649
0.335025,-1.18419
0.218729,-1.11482
0.11752,-0.887261
0.0445409,-0.568311
8.40994e-05,-0.36363
-0.0397749,-0.486827
-0.103665,-0.79498
-0.196908,-1.04873
-0.308462,-1.15614
-0.422228,-1.08883
-0.519361,-0.818893
-0.579325,-0.352886
-0.585893,0.231832
-0.532416,0.830926
-0.42288,1.33377
-0.273037,1.61843
-0.109001,1.61657
0.0418219,1.3685
0.159756,0.977981
0.237603,0.59433
0.28443,0.377148
0.319102,0.334718
0.35284,0.336957
0.385136,0.300128
0.411273,0.216315
0.427403,0.10247
0.430764,-0.0423453
0.416549,-0.258372
0.375095,-0.589805
0.295563,-1.00625
0.174431,-1.40176
0.0200069,-1.65374
-0.148114,-1.66469
-0.304009,-1.41511
-0.424832,-0.980801
-0.497707,-0.473951
-0.520693,0.0015571
-0.501061,0.369391
-0.451263,0.605738
-0.383828,0.725665
-0.309775,0.738174
-0.239986,0.640605
-0.184286,0.469297
-0.14336,0.38292
-0.0979085,0.574761
-0.0217718,0.955931
0.0920517,1.29959
0.232591,1.4784
0.37976,1.4221
0.507764,1.09489
0.591483,0.554474
0.615471,-0.0801856
0.575914,-0.699626
0.479839,-1.19031
0.34594,-1.44288
0.200267,-1.43145
0.0670104,-1.2054
-0.0359459,-0.840106
-0.101426,-0.490914
-0.142716,-0.387645
-0.187585,-0.531285
-0.249856,-0.702741
-0.324892,-0.779012
-0.401773,-0.740464
-0.46913,-0.587448
-0.514929,-0.305984
-0.525785,0.108609
-0.490168,0.611014
-0.403521,1.11264
-0.271246,1.50539
-0.109771,1.68196
0.0560711,1.59365
0.20159,1.29064
0.310602,0.882908
0.378836,0.494107
0.413142,0.212412
0.424895,0.0353046
0.421844,-0.0922529
0.407102,-0.199644
0.382879,-0.278752
0.352858,-0.314582
0.320726,-0.330418
0.284096,-0.426499
0.229067,-0.704045
0.138998,-1.10217
0.00990633,-1.45961
-0.147051,-1.64246
-0.309598,-1.56146
-0.45004,-1.20856
-0.545206,-0.67599
-0.583179,-0.0826417
-0.563236,0.465591
-0.494872,0.871363
-0.395608,1.08125
-0.284932,1.10493
-0.180171,0.966589
-0.0961017,0.699681
-0.0404725,0.430977
-0.00127214,0.411048
0.0518664,0.678671
0.135859,0.98783
0.245389,1.17734
0.365559,1.19635
0.477818,1.0133
0.560903,0.61538
0.595534,0.0599735
0.571005,-0.550393
0.487103,-1.10978
0.354748,-1.49919
0.196429,-1.61998
0.0399727,-1.47176
-0.0914213,-1.13519
-0.184871,-0.736863
-0.242706,-0.452065
-0.282556,-0.374756
-0.321154,-0.400351
-0.361786,-0.402565
-0.399596,-0.343966
-0.428893,-0.235272
-0.445293,-0.0855049
-0.443936,0.126076
-0.416666,0.437269
-0.353228,0.841034
-0.24792,1.25704
-0.105182,1.57123
0.0592922,1.67781
0.221612,1.52812
0.357715,1.16789
0.451528,0.700077
0.497694,0.230877
0.500495,-0.156635
0.470318,-0.427715
0.418517,-0.592711
0.354925,-0.664353
0.288996,-0.638129
0.23045,-0.521624
0.184815,-0.405166
0.142677,-0.484017
0.0792298,-0.811326
-0.0215108,-1.19273
-0.155336,-1.45524
-0.305414,-1.50659
-0.44753,-1.29017
-0.555008,-0.826454
-0.608081,-0.222659
-0.598663,0.406416
-0.529505,0.953668
-0.414512,1.30608
-0.276928,1.4049
-0.14129,1.27648
-0.0275422,0.977313
0.051775,0.612111
0.100096,0.400133
0.142219,0.483228
0.200959,0.690215
0.278039,0.83258
0.363359,0.853441
0.444429,0.747038
0.508109,0.502568
0.539988,0.112361
0.526834,-0.387017
0.46159,-0.913636
0.346578,-1.36476
0.194917,-1.6297
0.0295096,-1.63518
-0.123943,-1.40248
-0.246119,-1.0283
-0.329077,-0.63879
-0.377225,-0.345369
-0.402247,-0.170579
-0.413294,-0.054219
-0.413385,0.0524716
-0.40302,0.152529
-0.383715,0.2286
-0.358125,0.282112
-0.326097,0.372883
-0.278846,0.599521
-0.201229,0.96631
-0.0849547,1.34766
0.0640761,1.60217
0.227588,1.62424
0.379598,1.37373
0.495119,0.911568
0.558586,0.351232
0.565668,-0.19981
0.522169,-0.645756
0.442242,-0.922815
0.34351,-1.02536
0.242473,-0.972087
0.153876,-0.780431
0.0888985,-0.519423
0.0454132,-0.394885
-0.00102696,-0.579833
-0.0756809,-0.913035
-0.181242,-1.1754
-0.305313,-1.27659
-0.429713,-1.17557
-0.532666,-0.846426
-0.592536,-0.327526
-0.595103,0.281538
-0.536688,0.875279
-0.424311,1.34093
-0.276667,1.56622
-0.120486,1.51627
0.0190726,1.24779
0.125044,0.864182
0.193564,0.530418
0.238496,0.406802
0.280653,0.44873
0.328447,0.498294
0.377979,0.479616
0.421957,0.389593
0.453883,0.239385
0.467544,0.020592
0.454806,-0.292148
0.405947,-0.695861
0.314602,-1.12676
0.183049,-1.48242
0.0242202,-1.65722
-0.140032,-1.58724
-0.285642,-1.29571
-0.394738,-0.874151
-0.459678,-0.4289
-0.482692,-0.0468239
-0.47251,0.233498
-0.439072,0.422199
-0.390592,0.535753
-0.334596,0.570738
-0.279372,0.521117
-0.231866,0.43095
-0.189571,0.448377
-0.133845,0.702535
-0.0444952,1.08611
0.0813542,1.40797
0.230944,1.5474
0.382118,1.43063
0.508009,1.04868
0.585828,0.489146
0.603803,-0.130381
0.561249,-0.704306
0.468125,-1.12414
0.344235,-1.31416
0.212979,-1.27838
0.0948795,-1.05881
0.00528123,-0.723827
-0.0516983,-0.445735
-0.0936409,-0.44579
-0.148406,-0.662735
-0.225769,-0.868522
-0.318091,-0.955753
-0.412169,-0.902554
-0.493443,-0.696567
-0.545966,-0.328091
-0.554631,0.17003
-0.510227,0.717704
-0.412705,1.2153
-0.272566,1.552
-0.110836,1.63858
0.046469,1.47217
0.177709,1.13473
0.271793,0.750596
0.330778,0.451149
0.366765,0.288007
0.39087,0.198487
0.406499,0.111185
0.412568,0.00832269
0.40815,-0.0953426
0.393829,-0.190517
0.369331,-0.308574
0.328811,-0.523188
0.260234,-0.864332
0.154319,-1.24898
0.0133154,-1.54598
-0.148087,-1.64221
-0.306239,-1.47837
-0.436047,-1.08875
-0.519767,-0.57478
-0.550412,-0.0434358
-0.531019,0.41202
-0.472755,0.7274
-0.390734,0.88905
-0.299722,0.909734
-0.213334,0.798041
-0.143596,0.587373
-0.0945374,0.419877
-0.0504766,0.513449
0.0161679,0.835202
0.11648,1.15379
0.242168,1.3313
0.375949,1.30826
0.495731,1.04736
0.57805,0.570168
0.605657,-0.0281648
0.571921,-0.639995
0.480769,-1.15775
0.347446,-1.46633
0.196666,-1.50664
0.0541501,-1.31262
-0.0605528,-0.965964
-0.138522,-0.607009
