0.433872, -0.900975
0.867744, -1.80195

0.537872, -0.843027
0.975715, -1.74208

0.585388, -0.810753
1.04415, -1.69931

0.576733, -0.816933
1.07573, -1.68354

0.514978, -0.857203
1.06485, -1.69245

0.40931, -0.912395
1.00081, -1.7187

0.279567, -0.960126
0.877567, -1.76162

0.149898, -0.988701
0.69747, -1.82546

0.0423342, -0.999104
0.464849, -1.90546

-0.0270928, -0.999633
0.184589, -1.97697

-0.0601496, -0.998189
-0.125734, -1.99604

-0.0882841, -0.996095
-0.424623, -1.93784

-0.14251, -0.989793
-0.675586, -1.83586

-0.224437, -0.974489
-0.869791, -1.73837

-0.320565, -0.947227
-1.00903, -1.6725

-0.41543, -0.909625
-1.09271, -1.64535

-0.493936, -0.869498
-1.11736, -1.65138

-0.540751, -0.841183
-1.08325, -1.68124

-0.543072, -0.839686
-0.998097, -1.73016

-0.492901, -0.870085
-0.871226, -1.79576

-0.386958, -0.922097
-0.707476, -1.86934

-0.232471, -0.972603
-0.507549, -1.93403

-0.0551721, -0.998477
-0.272837, -1.9745

0.109038, -0.994038
-0.0104013, -1.98688

0.233534, -0.972349
0.26652, -1.9718

0.309456, -0.950914
0.538315, -1.92437

0.345522, -0.938411
0.777968, -1.84007

0.361071, -0.932538
0.960545, -1.73293

0.370221, -0.928944
1.0783, -1.63508

0.375929, -0.926648
1.13711, -1.57519

0.376721, -0.926327
1.14361, -1.56811

0.372294, -0.928115
1.09867, -1.61541

0.364126, -0.93135
0.996776, -1.70579

0.351094, -0.93634
0.830814, -1.81376

0.322045, -0.946724
0.603968, -1.90616

0.257482, -0.966283
0.337775, -1.96305

0.144981, -0.989434
0.0601536, -1.98583

-0.011071, -0.999939
-0.207409, -1.98047

-0.188181, -0.982134
-0.450237, -1.94719

-0.351267, -0.936275
-0.65958, -1.88756

-0.470548, -0.882374
-0.832846, -1.81444

-0.534649, -0.845074
-0.9696, -1.74553

-0.545108, -0.838366
-1.06622, -1.69185

-0.50884, -0.860861
-1.11424, -1.65678

-0.437421, -0.899257
-1.10485, -1.64393

-0.345808, -0.938305
-1.03594, -1.66199

-0.249075, -0.968484
-0.910712, -1.71831

-0.162469, -0.986714
-0.730752, -1.80955

-0.100561, -0.994931
-0.49422, -1.91419

-0.0672337, -0.997737
-0.205379, -1.98815

-0.0384742, -0.99926
0.106306, -1.98872

0.021294, -0.999773
0.396604, -1.92667

0.120863, -0.992669
0.64197, -1.84616

0.247029, -0.969008
0.835837, -1.77728

0.378732, -0.925507
0.974055, -1.72899

0.492048, -0.870568
1.05322, -1.69827

0.565418, -0.824804
1.07715, -1.68395

0.587238, -0.809414
1.0562, -1.69263

0.553697, -0.832718
0.997601, -1.72879

0.463591, -0.886049
0.900501, -1.78555

0.324103, -0.946022
0.758014, -1.84698

0.159731, -0.987161
0.565192, -1.90127

0.0039407, -0.999992
0.325612, -1.94684

-0.116787, -0.993157
0.049214, -1.97928

-0.190672, -0.981654
-0.247492, -1.98004

-0.227091, -0.973874
-0.534275, -1.92552

-0.25353, -0.967327
-0.77431, -1.82102

-0.288667, -0.95743
-0.950885, -1.70674

-0.331945, -0.943299
-1.0675, -1.62076

-0.37581, -0.926697
-1.13059, -1.58267

-0.413793, -0.910371
-1.14129, -1.59648

-0.440992, -0.897511
-1.09514, -1.65388

-0.450449, -0.892802
-0.987121, -1.73659

-0.430206, -0.902731
-0.820081, -1.8236

-0.366911, -0.930256
-0.607419, -1.9009

-0.253397, -0.967362
-0.36596, -1.96101

-0.0951987, -0.995458
-0.110252, -1.99534

0.0846234, -0.996413
0.147614, -1.99443

0.251203, -0.967934
0.397028, -1.95724

0.376669, -0.926348
0.628102, -1.89422

0.450791, -0.89263
0.830102, -1.8179

0.477036, -0.878884
0.990038, -1.73727

0.466299, -0.884627
1.09501, -1.66227

0.431327, -0.902196
1.13891, -1.60883

0.381923, -0.924194
1.12432, -1.59416

0.325306, -0.945609
1.05595, -1.62837

0.269532, -0.962991
0.9343, -1.71004

0.224207, -0.974542
0.754329, -1.82246

0.193708, -0.981059
0.511893, -1.92909

0.162759, -0.986666
0.221138, -1.98496

0.100561, -0.994931
-0.0800241, -1.97849

-0.00749035, -0.999972
-0.358437, -1.93637

-0.152546, -0.988296
-0.59741, -1.88389

-0.31125, -0.950328
-0.787527, -1.82962

-0.452413, -0.891809
-0.924057, -1.7736

-0.549201, -0.835691
-1.01095, -1.7227

-0.590671, -0.806912
-1.05695, -1.69155

-0.576249, -0.817274
-1.06619, -1.68903

-0.507783, -0.861485
-1.03425, -1.71168

-0.393571, -0.919294
-0.950989, -1.74953

-0.254433, -0.96709
-0.809881, -1.79864

-0.117025, -0.993129
-0.613088, -1.86142

-0.00495097, -0.999988
-0.366088, -1.9325

0.0664579, -0.997789
-0.076829, -1.98747

0.101396, -0.994846
0.232575, -1.9862

0.131212, -0.991354
0.519895, -1.91273

0.183139, -0.983087
0.753771, -1.80429

0.257307, -0.96633
0.92926, -1.70692

0.341314, -0.939949
1.04972, -1.64575

0.421959, -0.906615
1.11531, -1.62722

0.486954, -0.873428
1.1226, -1.64541

0.523271, -0.852166
1.07065, -1.68905

0.518355, -0.855165
0.965672, -1.74954

0.463133, -0.886289
0.817293, -1.82147

0.353897, -0.935284
0.632577, -1.89567

0.197986, -0.980205
0.415471, -1.95627

0.0205623, -0.999789
0.170343, -1.98851

-0.143304, -0.989679
-0.094212, -1.98847

-0.2676, -0.96353
-0.364576, -1.95882

-0.343879, -0.939014
-0.62192, -1.89958

-0.379622, -0.925142
-0.84234, -1.81165

-0.391205, -0.920303
-1.00506, -1.70972

-0.391563, -0.920151
-1.10394, -1.62195

-0.385014, -0.922911
-1.1444, -1.57355

-0.372116, -0.928186
-1.13249, -1.57767

-0.354493, -0.935059
-1.06875, -1.63494

-0.33548, -0.942047
-0.947613, -1.7328

-0.31546, -0.948939
-0.76234, -1.84353

-0.283201, -0.959061
-0.51789, -1.93113

-0.217385, -0.976086
-0.2392, -1.97585

-0.104788, -0.994495
0.0434218, -1.98345

0.049472, -0.998776
0.30822, -1.96472

0.222596, -0.974911
0.541117, -1.92283

0.380319, -0.924855
0.734401, -1.86007

0.493783, -0.869585
0.887444, -1.78884

0.552036, -0.83382
1.00235, -1.72669

0.556264, -0.831005
1.07765, -1.68433

0.512208, -0.858862
1.10603, -1.66345

0.430665, -0.902512
1.07835, -1.66442

0.327764, -0.944759
0.991294, -1.69291

0.221017, -0.97527
0.847509, -1.7547

0.127737, -0.991808
0.649012, -1.8452

0.0630299, -0.998012
0.39583, -1.94101

0.0286802, -0.999589
0.0968036, -1.99727

-0.00227357, -0.999997
-0.213509, -1.97743

-0.0633863, -0.997989
-0.492767, -1.90111

-0.16005, -0.987109
-0.722453, -1.81397

-0.278284, -0.960499
-0.898804, -1.74469

-0.398451, -0.917189
-1.01892, -1.70142

-0.499431, -0.866354
-1.07985, -1.68067

-0.562125, -0.827052
-1.08499, -1.67947

-0.575196, -0.818016
-1.04399, -1.70132

-0.533865, -0.84557
-0.964112, -1.74828

-0.436613, -0.89965
-0.845507, -1.81223

-0.291407, -0.956599
-0.683199, -1.87665

-0.123726, -0.992316
-0.47425, -1.92887

0.0326033, -0.999468
-0.223567, -1.9661

0.151988, -0.988382
0.057356, -1.98389

0.22489, -0.974384
0.34962, -1.96657

0.262071, -0.965049
0.622311, -1.89791

0.288171, -0.957579
0.84297, -1.78956

0.31845, -0.94794
0.999578, -1.6801

0.352373, -0.93586
1.09694, -1.6034

0.384118, -0.923284
1.14131, -1.57648

0.409143, -0.91247
1.13346, -1.60194

0.424321, -0.905512
1.06861, -1.6703

0.424145, -0.905594
0.941466, -1.76139

0.397101, -0.917775
0.755173, -1.85147

0.329159, -0.944274
0.524903, -1.92493

0.212793, -0.977097
0.270158, -1.97545

0.0540269, -0.998539
0.00782673, -1.99747

-0.123841, -0.992302
-0.248586, -1.98449

-0.286597, -0.958051
-0.488495, -1.93746

-0.407312, -0.913289
-0.70364, -1.86838

-0.476361, -0.87925
-0.885883, -1.79155

-0.496893, -0.867812
-1.02504, -1.71696

-0.478659, -0.878001
-1.11022, -1.65332

-0.433843, -0.900989
-1.13554, -1.61347

-0.3732, -0.927751
-1.10265, -1.61178

-0.305777, -0.952103
-1.01549, -1.6566

-0.241556, -0.970387
-0.874199, -1.74483

-0.191417, -0.981509
-0.67425, -1.85722

-0.158947, -0.987287
-0.414258, -1.95415

-0.125534, -0.992089
-0.114113, -1.99202

-0.0596655, -0.998218
0.185599, -1.96767

0.0500397, -0.998747
0.45476, -1.91319

0.192261, -0.981344
0.679808, -1.85444

0.343367, -0.939201
0.853014, -1.79959

0.474014, -0.880518
0.970779, -1.7484

0.560004, -0.82849
1.03799, -1.70686

0.591602, -0.80623
1.06386, -1.68769

0.567806, -0.823162
1.05269, -1.69774

0.489901, -0.871778
1.00026, -1.73174

0.366752, -0.930319
0.897009, -1.77816

0.220832, -0.975312
0.737276, -1.83163

0.0803363, -0.996768
0.523869, -1.89303

-0.0309434, -0.999521
0.263442, -1.95521

-0.0998601, -0.995001
-0.0328514, -1.99275

-0.134759, -0.990878
-0.338018, -1.97

-0.167125, -0.985936
-0.610307, -1.88237

-0.218881, -0.975751
-0.825014, -1.77112

-0.287754, -0.957704
-0.98098, -1.67842

-0.362174, -0.93211
-1.08231, -1.62595

-0.430828, -0.902434
-1.12908, -1.61828

-0.483401, -0.875399
-1.11781, -1.64839

-0.508416, -0.861111
-1.04721, -1.70355

-0.493807, -0.869571
-0.923048, -1.77276

-0.430262, -0.902704
-0.755293, -1.84841

-0.314499, -0.949258
-0.552563, -1.92051

-0.155257, -0.987874
-0.321237, -1.974

0.0214996, -0.999769
-0.0681724, -1.99574

0.18169, -0.983356
0.196553, -1.98325

0.301242, -0.953548
0.459015, -1.94102

0.373285, -0.927717
0.701182, -1.87243

0.40527, -0.914197
0.901749, -1.78225

0.411749, -0.911297
1.0437, -1.68631

0.404323, -0.914616
1.12294, -1.61002

0.387814, -0.921738
1.14475, -1.57523

0.364247, -0.931303
1.11426, -1.59273

0.336886, -0.941545
1.0312, -1.66122

0.310417, -0.950601
0.889674, -1.76575

0.285386, -0.958413
0.684108, -1.87548

0.248786, -0.968558
0.423268, -1.95322

0.177925, -0.984044
0.136117, -1.98317

0.0610554, -0.998134
-0.146525, -1.97635

-0.0941436, -0.995559
-0.404291, -1.94625

-0.263286, -0.964718
-0.624485, -1.89721

-0.412728, -0.910854
-0.800948, -1.83242

-0.516045, -0.856561
-0.934906, -1.76461

-0.564212, -0.82563
-1.02993, -1.71056

-0.558671, -0.829389
-1.0853, -1.67948

-0.50467, -0.863312
-1.09394, -1.67125

-0.413146, -0.910665
-1.04677, -1.68431

-0.301478, -0.953473
-0.940545, -1.72262

-0.188926, -0.981991
-0.777854, -1.79018

-0.0940313, -0.995569
-0.560961, -1.87986

-0.0311256, -0.999515
-0.291941, -1.9649

0.00238773, -0.999997
0.0145838, -1.99992

0.0372784, -0.999305
0.319091, -1.95877

0.102589, -0.994724
0.583723, -1.87137

0.198882, -0.980023
0.795694, -1.7824

0.311227, -0.950336
0.953322, -1.71696

0.421137, -0.906997
1.05428, -1.68103

0.509605, -0.860409
1.09619, -1.67029

0.559743, -0.828666
1.08277, -1.68098

0.561117, -0.827737
1.02313, -1.71461

0.50868, -0.860956
0.923963, -1.77065

0.401434, -0.915888
0.785655, -1.83913

0.24958, -0.968354
0.604753, -1.90315

0.0805373, -0.996752
0.380649, -1.95066

-0.0723665, -0.997378
0.120132, -1.97868

-0.185965, -0.982556
-0.163533, -1.9823

-0.254127, -0.967171
-0.449119, -1.94798

-0.28976, -0.957099
-0.705479, -1.86659

-0.314998, -0.949092
-0.905163, -1.75637

-0.341439, -0.939904
-1.04107, -1.65441

-0.368, -0.929826
-1.11907, -1.59005

-0.390164, -0.920745
-1.14469, -1.57701

-0.404954, -0.914337
-1.11776, -1.6157

-0.410423, -0.911895
-1.03297, -1.69448

-0.401494, -0.915862
-0.88547, -1.79094

-0.36629, -0.930501
-0.680321, -1.87991

-0.290555, -0.956858
-0.435204, -1.94634

-0.167766, -0.985827
-0.171409, -1.98582

-0.00606474, -0.999982
0.0932326, -1.99504

0.169517, -0.985527
0.344956, -1.97002

0.325302, -0.94561
0.573867, -1.91423

0.436805, -0.899556
0.773237, -1.84126

0.496457, -0.868061
0.936687, -1.76595

0.508013, -0.861349
1.05566, -1.69806

0.480861, -0.876797
1.12059, -1.64539

0.42688, -0.904308
1.12635, -1.61897

0.357344, -0.933973
1.07443, -1.63096

0.282638, -0.959227
0.96805, -1.68738

0.214251, -0.976779
0.806707, -1.78238

0.163421, -0.986556
0.586416, -1.89269

0.13079, -0.99141
0.309934, -1.97523

0.0928202, -0.995683
0.00431276, -1.99176

0.0196425, -0.999807
-0.289273, -1.9509

-0.0946432, -0.995511
-0.545676, -1.88802

-0.235679, -0.971831
-0.754426, -1.82676

-0.379264, -0.925288
-0.90915, -1.77336

-0.497707, -0.867345
-1.00774, -1.7275

-0.570054, -0.821607
-1.05635, -1.6954

-0.58854, -0.808468
-1.06407, -1.68817

-0.552097, -0.83378
-1.03427, -1.70986

-0.462228, -0.886761
-0.962084, -1.75287

-0.329895, -0.944018
-0.83862, -1.80495

-0.179866, -0.983691
-0.659973, -1.8609

-0.0408539, -0.999165
-0.430235, -1.92024

0.0646792, -0.997906
-0.157442, -1.97293

0.127441, -0.991846
0.143502, -1.99172

0.161313, -0.986903
0.440665, -1.94709

0.197055, -0.980392
0.694852, -1.84769

0.250109, -0.968218
0.888993, -1.73752

0.315526, -0.948917
1.02506, -1.65358

0.382449, -0.923977
1.10706, -1.61313

0.441091, -0.897462
1.13441, -1.6181

0.482376, -0.875964
1.10345, -1.65972

0.4956, -0.868551
1.01338, -1.72406

0.469152, -0.883117
0.870568, -1.79901

0.394225, -0.919014
0.685483, -1.87566

0.269043, -0.963128
0.467717, -1.94319

0.105117, -0.99446
0.225298, -1.98721

-0.069738, -0.997565
-0.0330538, -1.99689

-0.222853, -0.974852
-0.296059, -1.97217

-0.333437, -0.942773
-0.549492, -1.91915

-0.39731, -0.917685
-0.775873, -1.84326

-0.422789, -0.906228
-0.95603, -1.75219

-0.423303, -0.905988
-1.07648, -1.6632

-0.409028, -0.912522
-1.13548, -1.59974

-0.384713, -0.923036
-1.13831, -1.58037

-0.353424, -0.935463
-1.08896, -1.61294

-0.319773, -0.947494
-0.98593, -1.69331

-0.289112, -0.957295
-0.822944, -1.80289

-0.260514, -0.96547
-0.596754, -1.90725

-0.217703, -0.976015
-0.321854, -1.97058

-0.137952, -0.990439
-0.0307323, -1.98467

-0.0133742, -0.999911
0.2474, -1.96531

0.144423, -0.989516
0.494565, -1.92621

0.308765, -0.951138
0.699819, -1.87151

0.446944, -0.894562
0.859009, -1.80572

0.536386, -0.843973
0.975103, -1.7426

0.570924, -0.821003
1.05211, -1.69762

0.552558, -0.833474
1.08881, -1.67753

0.486752, -0.87354
1.07763, -1.6803

0.385631, -0.922653
1.01002, -1.70377

0.267967, -0.963428
0.883833, -1.75128

0.154034, -0.988066
0.701936, -1.82461

0.0625635, -0.998041
0.466779, -1.9127

0.00539203, -0.999985
0.183162, -1.98406

-0.0268578, -0.999639
-0.127101, -1.9946

-0.0679666, -0.997688
-0.421204, -1.93322

-0.139756, -0.990186
-0.668423, -1.83902

-0.237494, -0.971389
-0.861365, -1.75292

-0.345423, -0.938447
-0.999432, -1.69493

-0.445971, -0.895047
-1.08033, -1.66808

-0.521659, -0.853154
-1.10254, -1.66714

-0.557567, -0.830132
-1.07074, -1.68841

-0.544525, -0.838744
-0.99367, -1.7322

-0.47788, -0.878425
-0.876946, -1.79535

-0.358255, -0.933624
-0.720643, -1.86565

-0.19958, -0.979882
-0.522579, -1.92628

-0.0316751, -0.999498
-0.284617, -1.96698

0.113765, -0.993508
-0.015699, -1.98509

0.217511, -0.976058
0.268862, -1.97474

0.27797, -0.96059
0.545377, -1.92417

0.310589, -0.950544
0.783163, -1.83184

0.33478, -0.942296
0.960617, -1.72225

0.358317, -0.9336
1.07542, -1.63056

0.37931, -0.925269
1.13406, -1.58128

0.394247, -0.919004
1.14079, -1.58434

0.401345, -0.915927
1.09408, -1.63712

0.399148, -0.916886
0.988092, -1.72506

0.381894, -0.924206
0.819453, -1.8234

0.336676, -0.941621
0.59663, -1.90724

0.249858, -0.968282
0.339965, -1.96421

0.117581, -0.993063
0.071327, -1.99199

-0.0483086, -0.998832
-0.191727, -1.98849

-0.220125, -0.975472
-0.436065, -1.95188

-0.365379, -0.930859
-0.652969, -1.88861

-0.463603, -0.886043
-0.836973, -1.81373

-0.510298, -0.859998
-0.982535, -1.74147

-0.510365, -0.859958
-1.08169, -1.68068

-0.473399, -0.880848
-1.12587, -1.63866

-0.411222, -0.911535
-1.11122, -1.62568

-0.335343, -0.942096
-1.03966, -1.65199

-0.25708, -0.96639
-0.913602, -1.7207

-0.18888, -0.982
-0.731662, -1.82187

-0.14096, -0.990015
-0.490915, -1.92678

-0.108454, -0.994101
-0.200242, -1.98988

-0.0627658, -0.998028
0.105961, -1.98369

0.0209377, -0.999781
0.389182, -1.92951

0.141795, -0.989896
0.630134, -1.86255

0.282361, -0.959308
0.820754, -1.802

0.417757, -0.908559
0.955782, -1.75149

0.522083, -0.852895
1.03511, -1.71127

0.578226, -0.815877
1.06632, -1.68867

0.580708, -0.814112
1.05763, -1.69306

0.528689, -0.848815
1.01057, -1.72505

0.425007, -0.90519
0.919134, -1.77458

0.284233, -0.958755
0.775391, -1.82983

0.133471, -0.991053
0.577899, -1.88687

0.000674985, -1
0.332311, -1.94341

-0.0946137, -0.995514
0.0484459, -1.98523

-0.14884, -0.988861
-0.254092, -1.98331

-0.182116, -0.983277
-0.539054, -1.91741

-0.222367, -0.974963
-0.77263, -1.80995

-0.277856, -0.960623
-0.945477, -1.70512

-0.34124, -0.939976
-1.06157, -1.63361

-0.40235, -0.915486
-1.124, -1.60774

-0.452512, -0.891758
-1.13116, -1.62622

-0.483139, -0.875544
-1.07949, -1.67827

-0.483663, -0.875254
-0.969569, -1.74927

-0.443021, -0.896511
-0.809082, -1.8271

-0.353758, -0.935337
-0.608919, -1.90224

-0.216939, -0.976185
-0.379028, -1.96296

-0.0482608, -0.998835
-0.12842, -1.99562

0.122257, -0.992498
0.132856, -1.99244

0.264481, -0.964391
0.392546, -1.95616

0.362257, -0.932078
0.635962, -1.89389

0.41496, -0.909839
0.845786, -1.81227

0.432288, -0.901736
1.00477, -1.72165

0.42672, -0.904384
1.10308, -1.64096

0.406815, -0.913511
1.14147, -1.59195

0.376916, -0.926247
1.12511, -1.58973

0.340873, -0.940109
1.05649, -1.6386

0.30427, -0.952586
0.932575, -1.73055

0.272081, -0.962274
0.747133, -1.84223

0.239933, -0.970789
0.501031, -1.9361

0.187778, -0.982212
0.215784, -1.98182

0.0953977, -0.995439
-0.0745999, -1.98088

-0.0392474, -0.99923
-0.344313, -1.95156

-0.199819, -0.979833
-0.578045, -1.90555

-0.357224, -0.934019
-0.766821, -1.84629

-0.480776, -0.876843
-0.908902, -1.78056

-0.553064, -0.833138
-1.00857, -1.72337

-0.571055, -0.820912
-1.06916, -1.68803

-0.537455, -0.843293
-1.08791, -1.67816

-0.458866, -0.888505
-1.05647, -1.69029

-0.3495, -0.936936
-0.967631, -1.72301

-0.229297, -0.973356
-0.821002, -1.77951

-0.118709, -0.992929
-0.619682, -1.85839

-0.0354267, -0.999372
-0.366458, -1.94299

0.0135204, -0.999909
-0.0702839, -1.99639

0.04626, -0.998929
0.238733, -1.98023

0.0964149, -0.995341
0.518131, -1.90207

0.176419, -0.984315
0.746054, -1.80621

0.276732, -0.960947
0.919177, -1.72728

0.381025, -0.924565
1.03695, -1.67939

0.472339, -0.881417
1.09696, -1.66234

0.534329, -0.845276
1.09912, -1.67051

0.554041, -0.832489
1.04956, -1.70109

0.52384, -0.851817
0.956373, -1.75343

0.440164, -0.897917
0.823623, -1.82148

0.306754, -0.951789
0.650709, -1.89077

0.14262, -0.989778
0.436753, -1.94554

-0.0205139, -0.99979
0.186238, -1.97818

-0.154198, -0.98804
-0.0896143, -1.98595

-0.244597, -0.969625
-0.373013, -1.96135

-0.295654, -0.955295
-0.637635, -1.895

-0.325083, -0.945686
-0.854544, -1.79402

-0.348705, -0.937233
-1.00892, -1.68831

-0.37043, -0.92886
-1.10262, -1.60996

-0.387588, -0.921833
-1.14196, -1.57828

-0.39748, -0.917611
-1.12945, -1.59894

-0.399065, -0.916923
-1.06194, -1.66566

-0.39046, -0.92062
-0.933554, -1.76029

-0.364096, -0.931361
-0.743851, -1.85645

-0.306058, -0.952013
-0.505715, -1.93188

-0.20485, -0.978793
-0.241312, -1.97813

-0.0610462, -0.998135
0.0282405, -1.99414

0.108477, -0.994099
0.28652, -1.97812

0.273403, -0.9619
0.521624, -1.9306

0.404081, -0.914723
0.726175, -1.86143

0.485475, -0.874251
0.895387, -1.78638

0.516576, -0.856241
1.02358, -1.71818

0.503708, -0.863874
1.10273, -1.66461

0.457051, -0.889441
1.12546, -1.63323

0.38838, -0.921499
1.0898, -1.63425

0.309169, -0.951007
0.998172, -1.67577

0.231327, -0.972876
0.851909, -1.75702

0.167475, -0.985876
0.648676, -1.86249

0.12472, -0.992192
0.387936, -1.95693

0.0901645, -0.995927
0.0870482, -1.99592

0.0326653, -0.999466
-0.214332, -1.96848

-0.0641172, -0.997942
-0.483717, -1.90565

-0.192468, -0.981303
-0.70721, -1.83865

-0.332079, -0.943252
-0.87823, -1.78094

-0.457456, -0.889232
-0.992811, -1.73386

-0.545186, -0.838315
-1.05349, -1.69949

-0.582608, -0.812754
-1.06885, -1.68658

-0.566408, -0.824125
-1.04528, -1.70201

-0.496406, -0.868091
-0.981721, -1.74243

-0.378373, -0.925653
-0.870965, -1.79591

-0.231568, -0.972819
-0.706857, -1.85265

-0.0844888, -0.996424
-0.490802, -1.91016

0.0371868, -0.999308
-0.22999, -1.96296

0.118553, -0.992948
0.0631933, -1.99141

0.163845, -0.986486
0.363231, -1.96641

0.198603, -0.98008
0.631629, -1.88146

0.244823, -0.969568
0.84289, -1.77101

0.303701, -0.952767
0.99432, -1.67599

0.366157, -0.930553
1.09047, -1.62003

0.422685, -0.906276
1.13286, -1.6103

0.465165, -0.885224
1.11885, -1.64199

0.484753, -0.874651
1.04573, -1.70248

0.47073, -0.882277
0.916391, -1.77748

0.413069, -0.9107
0.739947, -1.85577

0.306782, -0.95178
0.527174, -1.92719

0.157396, -0.987535
0.287784, -1.979

-0.0140761, -0.999901
0.0313274, -1.99887

-0.176278, -0.98434
-0.23109, -1.98284

-0.303468, -0.952842
-0.486229, -1.936

-0.385288, -0.922796
-0.718536, -1.86564

-0.425143, -0.905126
-0.91054, -1.77942

-0.434102, -0.900864
-1.04727, -1.69082

-0.423313, -0.905983
-1.12299, -1.62044

-0.399455, -0.916753
-1.14072, -1.58797

-0.366375, -0.930467
-1.10503, -1.60455

-0.328554, -0.944485
-1.01648, -1.67027

-0.291955, -0.956432
-0.870465, -1.77211

-0.259544, -0.965731
-0.661941, -1.8812

-0.221611, -0.975135
-0.398257, -1.95941

-0.155838, -0.987783
-0.107579, -1.98662

-0.0476902, -0.998862
0.177599, -1.97315

0.0978674, -0.995199
0.43572, -1.9364

0.259445, -0.965758
0.653939, -1.88466

0.406206, -0.913781
0.825623, -1.82158

0.51144, -0.859319
0.951569, -1.75725

0.563758, -0.82594
1.03641, -1.70719

0.562911, -0.826518
1.08162, -1.68147

0.512629, -0.85861
1.08223, -1.68053

0.421789, -0.906694
1.02964, -1.70075

0.306967, -0.95172
0.918981, -1.74257

0.188526, -0.982068
0.751703, -1.8084

0.0862124, -0.996277
0.530757, -1.89203

0.0150623, -0.999887
0.259938, -1.96944

-0.0257121, -0.999669
-0.045327, -1.99948

-0.0630762, -0.998009
-0.347152, -1.95681

-0.125213, -0.99213
-0.608428, -1.86763

-0.214547, -0.976714
-0.816022, -1.77561

-0.317835, -0.948146
-0.968768, -1.70728

-0.418351, -0.908285
-1.0654, -1.67073

-0.499389, -0.866378
-1.10386, -1.663

-0.545756, -0.837944
-1.08636, -1.67922

-0.546779, -0.837277
-1.02033, -1.71804

-0.496582, -0.86799
-0.912532, -1.77738

-0.393682, -0.919247
-0.764929, -1.84778

-0.246852, -0.969053
-0.576236, -1.91325

-0.0807936, -0.996731
-0.347298, -1.96056

0.0726831, -0.997355
-0.0853648, -1.98479

0.190292, -0.981728
0.195894, -1.98171

0.264954, -0.964261
0.475506, -1.94184

0.306776, -0.951782
0.724748, -1.86024

0.334309, -0.942464
0.918629, -1.75399

0.358516, -0.933523
1.04966, -1.65624

0.379715, -0.925104
1.1226, -1.59452

0.394721, -0.918801
1.14267, -1.58256

0.401471, -0.915872
1.11018, -1.62138

0.398981, -0.916959
1.0205, -1.70035

0.383754, -0.923436
0.868952, -1.79784

0.345735, -0.938332
0.659655, -1.88778

0.271209, -0.962521
0.409758, -1.95288

0.152843, -0.98825
0.14157, -1.98819

-0.00270923, -0.999996
-0.12559, -1.99242

-0.172843, -0.984949
-0.376894, -1.96391

-0.326088, -0.945339
-0.601951, -1.90654

-0.438035, -0.898958
-0.794401, -1.8333

-0.499856, -0.866108
-0.949224, -1.75946

-0.513926, -0.857835
-1.05979, -1.69571

-0.488135, -0.872768
-1.11802, -1.64946

-0.433272, -0.901263
-1.11855, -1.62955

-0.360729, -0.932671
-1.06162, -1.64594

-0.281708, -0.9595
-0.949662, -1.7037

-0.208374, -0.978049
-0.782451, -1.79685

-0.152231, -0.988345
-0.557191, -1.90268

-0.11431, -0.993445
-0.278222, -1.97992

-0.0727189, -0.997352
0.0270893, -1.99236

0.000831279, -1
0.31855, -1.94818

0.112207, -0.993685
0.571543, -1.88195

0.247633, -0.968854
0.776027, -1.81785

0.384179, -0.923259
0.926287, -1.76357

0.496261, -0.868173
1.02047, -1.71976

0.56438, -0.825515
1.06406, -1.69173

0.580579, -0.814204
1.06544, -1.6888

0.543286, -0.839547
1.02803, -1.7142

0.453943, -0.891031
0.947803, -1.76057

0.323174, -0.94634
0.817055, -1.81587

0.174774, -0.984609
0.632502, -1.8737

0.036753, -0.999324
0.398262, -1.93169

-0.069061, -0.997612
0.12303, -1.97899

-0.134462, -0.990919
-0.176771, -1.99002

-0.173227, -0.984882
-0.468933, -1.94016

-0.21291, -0.977072
-0.716864, -1.8408

-0.266651, -0.963793
-0.90511, -1.73345

-0.32967, -0.944096
-1.03543, -1.65255

-0.391942, -0.91999
-1.1115, -1.61442

-0.444427, -0.895815
-1.13297, -1.62101

-0.478821, -0.877912
-1.09676, -1.66414

-0.485499, -0.874237
-1.00223, -1.73039

-0.453944, -0.89103
-0.855049, -1.80706

-0.376126, -0.926568
-0.665032, -1.88393

-0.251008, -0.967985
-0.442019, -1.94957

-0.0903696, -0.995908
-0.195106, -1.99041

0.0793718, -0.996845
0.0656783, -1.99675

0.227973, -0.973667
0.328101, -1.96864

0.336203, -0.941789
0.577573, -1.91222

0.400174, -0.916439
0.79712, -1.83428

0.427306, -0.904107
0.969312, -1.74448

0.429285, -0.903169
1.0826, -1.66025

0.415085, -0.909783
1.13567, -1.60315

0.389387, -0.921074
1.133, -1.58968

0.355681, -0.934607
1.07776, -1.62642

0.318878, -0.947796
0.968194, -1.70831

0.284226, -0.958757
0.798667, -1.81628

0.250466, -0.968125
0.567541, -1.91653

0.201976, -0.97939
0.290649, -1.97545

0.118017, -0.993012
-3.61153e-05, -1.98602

-0.00772041, -0.99997
-0.276229, -1.96325

-0.162905, -0.986642
-0.520366, -1.92057

-0.321301, -0.946977
-0.721921, -1.86322

-0.452325, -0.891853
-0.877094, -1.79715

-0.535643, -0.844444
-0.988611, -1.73597

-0.565773, -0.824561
-1.05997, -1.69391

-0.544648, -0.838665
-1.08978, -1.67701

-0.477827, -0.878454
-1.071, -1.68353

-0.377322, -0.926082
-0.996128, -1.71163

-0.261325, -0.965251
-0.863442, -1.76366

-0.149634, -0.988741
-0.675426, -1.83935

-0.0603177, -0.998179
-0.434596, -1.9255

-0.00334759, -0.999994
-0.147481, -1.98955

0.0330532, -0.999454
0.161345, -1.99119

0.0807689, -0.996733
0.450021, -1.92606

0.157283, -0.987554
0.691047, -1.83319

0.256288, -0.966601
0.877847, -1.74997

0.362021, -0.93217
1.00954, -1.69422

0.457269, -0.889328
1.08407, -1.66851

0.525446, -0.850827
1.10095, -1.66862

0.553206, -0.833044
1.06528, -1.69198

0.532582, -0.846379
0.984763, -1.7383

0.459719, -0.888064
0.863713, -1.80283

0.336851, -0.941558
0.70171, -1.87262

0.179725, -0.983717
0.497357, -1.93193

0.0176162, -0.999845
0.253958, -1.97151

-0.120512, -0.992712
-0.0184152, -1.98749

-0.218375, -0.975865
-0.303179, -1.97226

-0.276928, -0.960891
-0.575288, -1.91534

-0.312029, -0.950072
-0.805107, -1.82006

-0.340189, -0.940357
-0.974459, -1.71347

-0.366554, -0.930397
-1.08258, -1.62847

-0.388592, -0.92141
-1.13529, -1.58657

-0.40296, -0.915218
-1.13579, -1.59563

-0.407866, -0.913042
-1.08202, -1.65163

-0.401319, -0.915938
-0.968777, -1.73934

-0.377046, -0.926195
-0.794451, -1.83492

-0.323074, -0.946374
-0.56877, -1.91572

-0.228264, -0.973599
-0.31137, -1.97014

-0.0914923, -0.995806
-0.0429109, -1.99463

0.0732229, -0.997316
0.219549, -1.98655

0.238165, -0.971225
0.462907, -1.94564

0.373938, -0.927454
0.6781, -1.88007

0.463593, -0.886048
0.858874, -1.80461

0.504347, -0.863501
0.998951, -1.73262

0.5016, -0.8651
1.0905, -1.6733

0.464729, -0.885453
1.12641, -1.63524

0.404543, -0.914519
1.10434, -1.62886

0.33154, -0.943441
1.02626, -1.66272

0.256572, -0.966525
0.893621, -1.73735

0.19149, -0.981495
0.704355, -1.83996

0.144444, -0.989513
0.4568, -1.93948

0.10711, -0.994247
0.163672, -1.99265

0.0516199, -0.998667
-0.139201, -1.98029

-0.0412907, -0.999147
-0.416718, -1.926

-0.167299, -0.985906
-0.651532, -1.86085

-0.307547, -0.951533
-0.835698, -1.80068

-0.436806, -0.899556
-0.964657, -1.74889

-0.531029, -0.847353
-1.03984, -1.70823

-0.576359, -0.817196
-1.06881, -1.68754

-0.568991, -0.822344
-1.05791, -1.69467

-0.508866, -0.860846
-1.0067, -1.72812

-0.400893, -0.916125
-0.908449, -1.77774

-0.261842, -0.965111
-0.756684, -1.83409

-0.118076, -0.993005
-0.551733, -1.89408

0.00505821, -0.999987
-0.299693, -1.95242

0.091242, -0.995829
-0.0113118, -1.99056

0.141649, -0.989917
0.290686, -1.97875

0.1794, -0.983776
0.568715, -1.90488

0.227963, -0.97367
0.793567, -1.79835

0.290495, -0.956876
0.959049, -1.70054

0.35806, -0.933699
1.06861, -1.63735

0.420271, -0.907399
1.12399, -1.61787

0.46804, -0.883707
1.12328, -1.63913

0.49214, -0.870516
1.06436, -1.69062

0.482339, -0.875985
0.949859, -1.75997

0.429418, -0.903106
0.787541, -1.83678

0.328677, -0.944442
0.586486, -1.91064

0.184965, -0.982745
0.354937, -1.96819

0.0176891, -0.999844
0.10148, -1.99633

-0.143359, -0.989671
-0.162992, -1.98948

-0.272685, -0.962103
-0.42466, -1.95049

-0.359146, -0.933281
-0.666875, -1.88476

-0.405429, -0.914127
-0.870916, -1.79918

-0.422167, -0.906518
-1.02074, -1.70759

-0.419977, -0.907535
-1.10983, -1.63148

-0.404819, -0.914397
-1.14078, -1.59142

-0.379646, -0.925132
-1.1181, -1.59944

-0.347815, -0.937563
-1.04267, -1.65671

-0.314112, -0.949386
-0.91045, -1.75212

-0.281207, -0.959647
-0.716343, -1.86001

-0.241567, -0.970384
-0.465273, -1.94504

-0.176092, -0.984374
-0.181243, -1.98436

-0.070379, -0.99752
0.104474, -1.98211

0.0725685, -0.997363
0.368839, -1.95247

0.233153, -0.97244
0.597513, -1.9037

0.38165, -0.924307
0.782574, -1.84042

0.491325, -0.870976
0.923076, -1.77297

0.549834, -0.835274
1.02204, -1.71676

0.556433, -0.830893
1.08027, -1.68271

0.515071, -0.857147
1.09315, -1.67313

0.434251, -0.900792
1.05291, -1.68645

0.328792, -0.944402
0.955013, -1.72405

0.216989, -0.976174
0.80044, -1.78832

0.11725, -0.993102
0.59144, -1.87352

0.0445262, -0.999008
0.330585, -1.95722

8.40994e-05, -1
0.0303644, -1.99954

-0.0397645, -0.999209
-0.274556, -1.97125

-0.103479, -0.994632
-0.54543, -1.89167

-0.195638, -0.980676
-0.765292, -1.80256

-0.303593, -0.952802
-0.930912, -1.73156

-0.409794, -0.912178
-1.04052, -1.68818

-0.496325, -0.868137
-1.09235, -1.6711

-0.547459, -0.836832
-1.08905, -1.67748

-0.552944, -0.833219
-1.03792, -1.70775

-0.507616, -0.861583
-0.945008, -1.76085

-0.410388, -0.911911
-0.811242, -1.82805

-0.269658, -0.962956
-0.634189, -1.89415

-0.108786, -0.994065
-0.413674, -1.94645

0.0418097, -0.999126
-0.156097, -1.97935

0.159078, -0.987266
0.12563, -1.98671

0.235373, -0.971905
0.410915, -1.95638

0.280611, -0.959822
0.670305, -1.88077

0.313714, -0.949518
0.876903, -1.77585

0.345564, -0.938395
1.02142, -1.67543

0.375685, -0.926747
1.10761, -1.60813

0.399776, -0.916613
1.14044, -1.58849

0.414508, -0.910045
1.12041, -1.61835

0.417565, -0.908647
1.04362, -1.68843

0.404607, -0.914491
0.906123, -1.77964

0.366361, -0.930473
0.711468, -1.86904

0.291278, -0.956638
0.474023, -1.9398

0.173548, -0.984825
0.213175, -1.98404

0.0200056, -0.9998
-0.0531025, -1.99712

-0.147573, -0.989051
-0.309924, -1.97578

-0.299348, -0.954144
-0.545654, -1.92334

-0.412168, -0.911108
-0.751666, -1.85171

-0.477412, -0.87868
-0.920522, -1.77515

-0.497481, -0.867475
-1.04407, -1.70488

-0.480356, -0.877074
-1.11424, -1.6505

-0.436102, -0.899897
-1.1267, -1.62314

-0.374473, -0.927238
-1.08231, -1.63361

-0.304845, -0.952402
-0.983338, -1.68701

-0.237689, -0.971341
-0.829157, -1.77767

-0.183244, -0.983067
-0.616477, -1.88435

-0.142869, -0.989742
-0.348026, -1.96847

-0.0977521, -0.995211
-0.0475703, -1.99395

-0.0217701, -0.999763
0.246468, -1.96312

0.0919217, -0.995766
0.507347, -1.90539

0.230499, -0.973072
0.722636, -1.84359

0.370698, -0.928754
0.885567, -1.78602

0.486225, -0.873834
0.994098, -1.73527

0.557593, -0.830115
1.05322, -1.69865

0.577343, -0.816501
1.07029, -1.68656

0.544602, -0.838695
1.04777, -1.70288

0.461636, -0.887069
0.981101, -1.74156

0.339081, -0.940757
0.862576, -1.79279

0.198931, -0.980013
0.688997, -1.8517

0.0669603, -0.997756
0.46384, -1.91563

-0.0359381, -0.999354
0.194432, -1.97246

-0.101252, -0.994861
-0.104549, -1.99486

-0.142232, -0.989833
-0.402004, -1.9555

-0.186487, -0.982457
-0.660197, -1.86314

-0.247264, -0.968948
-0.861136, -1.75835

-0.319207, -0.947685
-1.00461, -1.67585

-0.391051, -0.920369
-1.0933, -1.6323

-0.45211, -0.891962
-1.12672, -1.63013

-0.492473, -0.870327
-1.10274, -1.66252

-0.501892, -0.86493
-1.02216, -1.71893

-0.470774, -0.882254
-0.890786, -1.78977

-0.392659, -0.919684
-0.716467, -1.86581

-0.267932, -0.963438
-0.506164, -1.93465

-0.109551, -0.993981
-0.266525, -1.98158

0.0560417, -0.998428
-0.00639475, -1.99648

0.200227, -0.97975
0.261685, -1.97786

0.305632, -0.95215
0.521501, -1.92857

0.369839, -0.929096
0.753507, -1.85257

0.401489, -0.915864
0.938061, -1.75972

0.412225, -0.911082
1.06325, -1.67014

0.409443, -0.912336
1.12841, -1.60738

0.39595, -0.918272
1.13821, -1.58839

0.373593, -0.927593
1.09556, -1.61952

0.345581, -0.938389
0.998538, -1.69578

0.315256, -0.949007
0.841733, -1.7992

0.28029, -0.959915
0.623644, -1.89912

0.227069, -0.973879
0.358096, -1.96526

0.13855, -0.990355
0.0733692, -1.98823

0.00990617, -0.999951
-0.203596, -1.97689

-0.146522, -0.989207
-0.454392, -1.94064

-0.304676, -0.952456
-0.66747, -1.88433

-0.435002, -0.90043
-0.837855, -1.81569

-0.518594, -0.855021
-0.966145, -1.74928

-0.55068, -0.834716
-1.05348, -1.69912

-0.533925, -0.845532
-1.09706, -1.6719

-0.474919, -0.88003
-1.09004, -1.66846

-0.385369, -0.922762
-1.02651, -1.69019

-0.281092, -0.959681
-0.905646, -1.74066

-0.179197, -0.983813
-0.729339, -1.81888

-0.0959539, -0.995386
-0.498731, -1.91068

-0.0404615, -0.999181
-0.218654, -1.98318

-0.00127214, -0.999999
0.0883755, -1.99597

0.0518432, -0.998655
0.381682, -1.94269

0.135441, -0.990785
0.632158, -1.8587

0.242934, -0.970043
0.830563, -1.77917

0.357471, -0.933924
0.974201, -1.7211

0.459842, -0.888001
1.06069, -1.68736

0.531951, -0.846775
1.09072, -1.6761

0.560951, -0.827849
1.07051, -1.68828

0.540478, -0.841358
1.00714, -1.72579

0.468068, -0.883692
0.902986, -1.78416

0.347354, -0.937734
0.755443, -1.85068

0.195169, -0.98077
0.56163, -1.9112

0.0399621, -0.999201
0.32425, -1.95794

-0.091294, -0.995824
0.0528076, -1.98539

-0.18382, -0.98296
-0.236413, -1.98158

-0.24033, -0.970691
-0.517172, -1.93161

-0.278811, -0.960346
-0.757668, -1.83824

-0.315662, -0.948872
-0.938781, -1.731

-0.353945, -0.935266
-1.05942, -1.644

-0.389046, -0.921218
-1.12474, -1.59853

-0.415864, -0.909427
-1.13729, -1.60192

-0.430722, -0.902485
-1.09497, -1.65

-0.429497, -0.903068
-0.993665, -1.72873

-0.404714, -0.914443
-0.833322, -1.81793

-0.345929, -0.938261
-0.622989, -1.89911

-0.245389, -0.969425
-0.378613, -1.96051

-0.104988, -0.994474
-0.117158, -1.9944

0.0592575, -0.998243
0.146098, -1.99446

0.219802, -0.975544
0.397894, -1.95956

0.350135, -0.936699
0.627107, -1.89758

0.436341, -0.899781
0.824034, -1.82157

0.4774, -0.878686
0.979011, -1.74378

0.47986, -0.877345
1.08269, -1.67521

0.45317, -0.891424
1.12918, -1.62832

0.406406, -0.913693
1.11818, -1.6161

0.34752, -0.937673
1.05227, -1.64713

0.28499, -0.95853
0.932152, -1.72088

0.228416, -0.973564
0.754821, -1.8238

0.183765, -0.98297
0.518001, -1.92546

0.142194, -0.989839
0.233355, -1.98567

0.0791469, -0.996863
-0.0661261, -1.98625

-0.0215092, -0.999769
-0.34667, -1.94543

-0.154712, -0.98796
-0.589232, -1.88862

-0.300688, -0.953723
-0.783996, -1.82917

-0.43274, -0.901519
-0.926047, -1.77137

-0.52695, -0.849896
-1.01717, -1.72149

-0.571293, -0.820746
-1.06399, -1.69095

-0.563538, -0.82609
-1.07075, -1.68791

-0.505106, -0.863057
-1.03511, -1.71105

-0.402743, -0.915313
-0.949658, -1.7525

-0.273402, -0.9619
-0.80873, -1.80654

-0.14082, -0.990035
-0.613169, -1.87145

-0.0275387, -0.999621
-0.36795, -1.9399

0.0517519, -0.99866
-0.08212, -1.98966

0.0999291, -0.994995
0.222263, -1.98748

0.14174, -0.989904
0.506926, -1.92084

0.199609, -0.979876
0.74186, -1.82009

0.27447, -0.961596
0.919474, -1.72577

0.355416, -0.934708
1.04142, -1.66231

0.429943, -0.902856
1.10821, -1.63767

0.486526, -0.873666
1.1182, -1.6489

0.514126, -0.857715
1.07144, -1.68801

0.502799, -0.864403
0.972534, -1.74721

0.445372, -0.895345
0.828263, -1.81914

0.339681, -0.940541
0.644213, -1.89304

0.193685, -0.981064
0.424772, -1.954

0.0295054, -0.999565
0.17603, -1.98877

-0.123625, -0.992329
-0.0916092, -1.99182

-0.243642, -0.969865
-0.362995, -1.96272

-0.32317, -0.946341
-0.618364, -1.90178

-0.368342, -0.92969
-0.835191, -1.81403

-0.391487, -0.920184
-0.99603, -1.71676

-0.401629, -0.915803
-1.09583, -1.63558

-0.401711, -0.915766
-1.13834, -1.59206

-0.392198, -0.919881
-1.12781, -1.59728

-0.374368, -0.92728
-1.06431, -1.65114

-0.350519, -0.936556
-0.943472, -1.74179

-0.320348, -0.9473
-0.761065, -1.84495

-0.275246, -0.961374
-0.522837, -1.93024

-0.199873, -0.979822
-0.250117, -1.97856

-0.0848526, -0.996394
0.0300598, -1.98977

0.0640323, -0.997948
0.296057, -1.97066

0.225628, -0.974213
0.533034, -1.92579

0.370548, -0.928813
0.732268, -1.8611

0.475136, -0.879912
0.890891, -1.78939

0.529988, -0.848005
1.00856, -1.72605

0.53598, -0.844231
1.08294, -1.68139

0.498761, -0.866739
1.1082, -1.65957

0.427966, -0.903795
1.07818, -1.66354

0.336794, -0.941578
0.99087, -1.69801

0.240104, -0.970747
0.847618, -1.76506

0.15327, -0.988184
0.649141, -1.85658

0.0887815, -0.996051
0.396239, -1.94761

0.0453976, -0.998969
0.100487, -1.99745

-0.00102696, -0.999999
-0.204256, -1.97913

-0.0756087, -0.997138
-0.48032, -1.91158

-0.180251, -0.983621
-0.709464, -1.83211

-0.300592, -0.953753
-0.885925, -1.76455

-0.416609, -0.909086
-1.00645, -1.71661

-0.507832, -0.861456
-1.07016, -1.68837

-0.558467, -0.829527
-1.0819, -1.68159

-0.560594, -0.828091
-1.04917, -1.70061

-0.511293, -0.859407
-0.975674, -1.74504

-0.411693, -0.911322
-0.859209, -1.8056

-0.273151, -0.961971
-0.69506, -1.86861

-0.120194, -0.99275
-0.482533, -1.9248

0.0190714, -0.999818
-0.227848, -1.96885

0.124718, -0.992192
0.056654, -1.98987

0.192357, -0.981325
0.349495, -1.9689

0.236241, -0.971694
0.618243, -1.89586

0.276983, -0.960875
0.834713, -1.7909

0.322573, -0.946544
0.990382, -1.69088

0.369043, -0.929412
1.08873, -1.62371

0.409547, -0.912289
1.13347, -1.60217

0.438459, -0.898751
1.1242, -1.62659

0.450696, -0.892678
1.05763, -1.68743

0.439288, -0.898346
0.932271, -1.76839

0.394889, -0.918729
0.753423, -1.85225

0.309438, -0.95092
0.532965, -1.92562

0.182028, -0.983293
0.285126, -1.97796

0.0242178, -0.999707
0.0238535, -1.99971

-0.139575, -0.990211
-0.237433, -1.98541

-0.281774, -0.959481
-0.485873, -1.93843

-0.384566, -0.923097
-0.709158, -1.86895

-0.443659, -0.896195
-0.89505, -1.78852

-0.464165, -0.885749
-1.03196, -1.70892

-0.455123, -0.890429
-1.11212, -1.64432

-0.4251, -0.905146
-1.13417, -1.61029

-0.380736, -0.924684
-1.10083, -1.61856

-0.328388, -0.944543
-1.01389, -1.67262

-0.275752, -0.961229
-0.871282, -1.76456

-0.229794, -0.973239
-0.66888, -1.87168

-0.188438, -0.982085
-0.409891, -1.95726

-0.133446, -0.991056
-0.117347, -1.99093

-0.0444806, -0.99901
0.173919, -1.97487

0.0812645, -0.996693
0.438237, -1.93081

0.228896, -0.973451
0.66148, -1.87504

0.372886, -0.927877
0.835844, -1.81426

0.486438, -0.873715
0.959858, -1.75455

0.55289, -0.833255
1.0381, -1.70765

0.567777, -0.823183
1.07524, -1.68486

0.532244, -0.846591
1.07058, -1.68932

0.451214, -0.892416
1.01775, -1.71646

0.337477, -0.941334
0.909921, -1.76128

0.211373, -0.977406
0.745752, -1.82265

0.0947372, -0.995502
0.528368, -1.89659

0.0052812, -0.999986
0.26313, -1.96617

-0.0516753, -0.998664
-0.0362349, -1.99854

-0.0935041, -0.995619
-0.33737, -1.96543

-0.147862, -0.989008
-0.60229, -1.87979

-0.223856, -0.974622
-0.813279, -1.78245

-0.312754, -0.949834
-0.968446, -1.70486

-0.400598, -0.916254
-1.06827, -1.66071

-0.473661, -0.880708
-1.11152, -1.65086

-0.519244, -0.854626
-1.09806, -1.67008

-0.52663, -0.850095
-1.032, -1.713

-0.488376, -0.872634
-0.919627, -1.77487

-0.401088, -0.916039
-0.765463, -1.84729

-0.269204, -0.963083
-0.571669, -1.91624

-0.110609, -0.993864
-0.341177, -1.96692

0.0464523, -0.998921
-0.0814494, -1.99071

0.176775, -0.984251
0.194331, -1.9841

0.268459, -0.963291
0.467203, -1.94334

0.324778, -0.94579
0.71281, -1.86744

0.358598, -0.933492
0.908241, -1.76889

0.380993, -0.924578
1.04292, -1.67414

0.395396, -0.918511
1.1185, -1.60925

0.400963, -0.916094
1.13988, -1.58989

0.396912, -0.917857
1.10879, -1.62016

0.383727, -0.923447
1.0223, -1.69301

0.360991, -0.932569
0.875642, -1.78997

0.322918, -0.946427
0.669718, -1.88437

0.257307, -0.96633
0.418495, -1.95325

0.153707, -0.988116
0.145363, -1.98808

0.013315, -0.999911
-0.127202, -1.98999

-0.147546, -0.989055
-0.381953, -1.96119

-0.301475, -0.953474
-0.606954, -1.90567

-0.422359, -0.906428
-0.795566, -1.83418

-0.496678, -0.867935
-0.944558, -1.76203

-0.523038, -0.852309
-1.05048, -1.7019

-0.506412, -0.862291
-1.10772, -1.66131

-0.455341, -0.890317
-1.11038, -1.64591

-0.380867, -0.92463
-1.05607, -1.66226

-0.295254, -0.955419
-0.945813, -1.71488

-0.211719, -0.97733
-0.780253, -1.79999

-0.143103, -0.989708
-0.558328, -1.89943

-0.0943966, -0.995535
-0.284011, -1.97739

-0.0504551, -0.998726
0.0194842, -1.99628

0.0161672, -0.999869
0.313077, -1.95477

0.116217, -0.993224
0.569147, -1.88477

0.239808, -0.97082
0.776533, -1.81458

0.367156, -0.93016
0.930106, -1.75665

0.475675, -0.879621
1.02751, -1.71358

0.546392, -0.83753
1.07196, -1.68828

0.569302, -0.822128
1.0708, -1.68728

0.541249, -0.840863
1.02876, -1.71398

0.462461, -0.886639
0.944321, -1.76289

0.340497, -0.940246
0.811779, -1.82223

0.195401, -0.980723
0.627687, -1.88246

0.0541236, -0.998534
0.395236, -1.93856

-0.0605158, -0.998167
0.123282, -1.98113

-0.138079, -0.990421
-0.171938, -1.98985

